1,-1,273.77,449.09,88.0,50.28,0.8
1,-1,439.37,340.51,94.86,64.0,0.8
1,-1,610.92,208.06,124.57,70.86,0.8
1,-1,599.37,443.37,99.43,60.57,0.8
1,-1,663.37,508.51,93.83,50.4,0.8
2,-1,266.91,449.09,93.73,57.15,0.8
2,-1,438.8,338.8,94.86,64.0,0.8
2,-1,610.34,207.63,124.58,70.86,0.8
2,-1,597.66,443.94,99.43,60.57,0.8
2,-1,659.94,508.23,93.83,50.4,0.8
3,-1,260.06,449.09,99.44,64.01,0.8
3,-1,438.23,337.09,94.86,64.0,0.8
3,-1,609.77,207.2,124.57,70.86,0.8
3,-1,595.94,444.51,99.43,60.58,0.8
3,-1,656.51,507.94,93.83,50.4,0.8
4,-1,256.06,447.37,99.44,64.02,0.8
4,-1,437.09,333.09,94.85,64.0,0.8
4,-1,609.2,206.77,124.57,70.86,0.8
4,-1,594.23,445.09,99.43,60.57,0.8
4,-1,653.09,507.66,93.83,50.4,0.8
5,-1,252.06,445.66,99.44,64.01,0.8
5,-1,435.94,329.09,94.86,64.0,0.8
5,-1,608.63,206.34,124.57,70.86,0.8
5,-1,592.52,445.66,99.42,60.57,0.8
5,-1,649.66,507.37,93.83,50.4,0.8
6,-1,247.49,446.8,99.44,64.01,0.8
6,-1,433.09,326.51,94.85,64.0,0.8
6,-1,608.06,205.92,124.57,70.85,0.8
6,-1,589.09,443.37,99.43,60.57,0.8
6,-1,645.94,508.51,93.83,50.4,0.8
7,-1,241.39,447.18,99.44,64.02,0.8
7,-1,430.23,323.94,94.86,64.0,0.8
7,-1,607.49,205.49,124.57,70.85,0.8
7,-1,585.66,441.09,99.43,60.57,0.8
7,-1,642.23,509.66,93.83,50.4,0.8
8,-1,235.3,447.56,99.44,64.02,0.8
8,-1,427.37,321.37,94.86,64.0,0.8
8,-1,606.92,205.06,124.57,70.86,0.8
8,-1,582.23,438.8,99.43,60.57,0.8
8,-1,638.52,510.8,93.82,50.4,0.8
9,-1,229.2,447.94,99.44,64.02,0.8
9,-1,424.51,318.8,94.86,64.0,0.8
9,-1,606.34,204.63,124.58,70.86,0.8
9,-1,578.8,436.51,99.43,60.58,0.8
9,-1,634.8,511.94,93.83,50.4,0.8
10,-1,226.06,445.94,99.44,64.02,0.8
10,-1,422.23,314.23,98.26,70.26,0.8
10,-1,604.06,201.2,124.57,70.86,0.8
10,-1,576.23,435.09,99.43,60.57,0.8
10,-1,632.8,511.94,93.83,50.4,0.8
11,-1,222.91,443.94,99.45,64.02,0.8
11,-1,419.94,309.66,101.67,76.53,0.8
11,-1,601.77,197.77,124.57,70.86,0.8
11,-1,573.66,433.66,99.43,60.57,0.8
11,-1,630.8,511.94,93.83,50.4,0.8
12,-1,219.77,441.94,99.44,64.02,0.8
12,-1,418.23,308.23,101.67,76.53,0.8
12,-1,599.49,194.34,124.57,70.86,0.8
12,-1,571.09,432.23,99.42,60.57,0.8
12,-1,628.8,511.94,93.83,50.4,0.8
13,-1,216.63,439.94,99.44,64.02,0.8
13,-1,416.51,306.8,101.68,76.53,0.8
13,-1,597.2,190.92,124.57,70.85,0.8
13,-1,568.51,430.8,99.43,60.57,0.8
13,-1,626.8,511.94,93.83,50.4,0.8
14,-1,215.49,435.37,99.44,64.02,0.8
14,-1,414.8,305.37,101.67,76.53,0.8
14,-1,601.2,186.34,124.57,70.86,0.8
14,-1,566.8,431.09,99.43,60.57,0.8
14,-1,623.37,509.66,93.83,50.4,0.8
15,-1,214.34,430.8,99.45,64.01,0.8
15,-1,413.09,303.94,101.67,76.53,0.8
15,-1,605.2,181.77,124.57,70.86,0.8
15,-1,565.09,431.37,99.42,60.57,0.8
15,-1,619.94,507.37,93.83,50.4,0.8
16,-1,209.77,426.23,99.44,64.01,0.8
16,-1,412.13,303.37,101.67,76.53,0.8
16,-1,605.77,178.34,124.57,70.86,0.8
16,-1,563.37,431.66,99.43,60.57,0.8
16,-1,616.51,505.09,93.83,50.4,0.8
17,-1,205.2,421.66,99.44,64.01,0.8
17,-1,411.18,302.8,101.67,76.53,0.8
17,-1,606.34,174.92,124.58,70.85,0.8
17,-1,561.66,431.94,99.43,60.57,0.8
17,-1,613.09,502.8,93.82,50.4,0.8
18,-1,199.49,418.23,99.44,64.01,0.8
18,-1,410.23,302.23,101.67,76.53,0.8
18,-1,607.77,177.77,124.57,70.86,0.8
18,-1,559.37,432.51,99.43,60.58,0.8
18,-1,609.09,501.09,93.82,50.4,0.8
19,-1,193.77,414.8,99.44,64.01,0.8
19,-1,409.28,301.66,101.67,76.53,0.8
19,-1,609.2,180.63,124.57,70.86,0.8
19,-1,557.08,433.09,99.43,60.57,0.8
19,-1,605.09,499.37,93.82,50.4,0.8
20,-1,189.77,419.37,99.44,64.02,0.8
20,-1,408.32,301.09,101.67,76.53,0.8
20,-1,610.63,183.49,124.57,70.85,0.8
20,-1,555.94,434.51,99.43,60.58,0.8
20,-1,602.8,500.8,93.83,50.4,0.8
21,-1,185.77,423.94,99.44,64.02,0.8
21,-1,407.37,300.52,101.67,76.52,0.8
21,-1,612.06,186.34,124.57,70.86,0.8
21,-1,554.8,435.94,99.43,60.57,0.8
21,-1,600.51,502.23,93.83,50.4,0.8
22,-1,179.49,424.51,99.44,64.02,0.8
22,-1,403.94,299.37,101.67,76.53,0.8
22,-1,612.25,187.68,124.57,70.85,0.8
22,-1,553.66,437.37,99.43,60.57,0.8
22,-1,598.23,503.66,93.83,50.4,0.8
23,-1,173.2,425.09,99.44,64.01,0.8
23,-1,400.51,298.23,101.67,76.53,0.8
23,-1,612.44,189.01,124.57,70.86,0.8
23,-1,552.51,438.8,99.43,60.57,0.8
23,-1,595.94,505.09,93.83,50.4,0.8
24,-1,172.38,423.45,99.45,64.02,0.8
24,-1,400.97,296.4,101.67,76.53,0.8
24,-1,612.63,190.34,124.57,70.86,0.8
24,-1,550.99,438.9,100.95,61.42,0.8
24,-1,592.8,507.94,98.11,54.11,0.8
25,-1,171.57,421.82,99.44,64.01,0.8
25,-1,401.43,294.57,101.67,76.53,0.8
25,-1,612.82,191.68,124.57,70.85,0.8
25,-1,549.46,438.99,102.48,62.29,0.8
25,-1,589.66,510.8,102.39,57.81,0.8
26,-1,170.75,420.19,99.44,64.01,0.8
26,-1,401.89,292.74,101.67,76.53,0.8
26,-1,613.01,193.01,124.57,70.86,0.8
26,-1,547.94,439.09,104.0,63.14,0.8
26,-1,586.51,513.66,106.68,61.51,0.8
27,-1,169.94,418.56,99.44,64.01,0.8
27,-1,402.34,290.92,101.67,76.52,0.8
27,-1,613.2,194.34,124.57,70.86,0.8
27,-1,546.41,439.18,105.53,64.0,0.8
27,-1,583.37,516.52,110.96,65.21,0.8
28,-1,169.12,416.92,99.44,64.02,0.8
28,-1,402.8,289.09,101.67,76.53,0.8
28,-1,613.53,191.74,126.53,72.15,0.8
28,-1,544.88,439.28,107.06,64.85,0.8
28,-1,581.77,516.06,110.96,65.21,0.8
29,-1,168.3,415.29,99.44,64.01,0.8
29,-1,402.8,292.33,101.67,76.52,0.8
29,-1,613.85,189.13,128.51,73.46,0.8
29,-1,543.36,439.37,108.58,65.72,0.8
29,-1,580.17,515.6,110.96,65.21,0.8
30,-1,167.49,413.66,99.44,64.01,0.8
30,-1,402.8,295.56,101.67,76.53,0.8
30,-1,614.18,186.52,130.47,74.76,0.8
30,-1,541.83,439.47,110.11,66.57,0.8
30,-1,578.57,515.14,110.96,65.22,0.8
31,-1,167.49,409.66,99.44,64.01,0.8
31,-1,402.8,298.8,101.67,76.53,0.8
31,-1,614.51,183.92,132.43,76.06,0.8
31,-1,540.3,439.56,111.64,67.43,0.8
31,-1,576.97,514.69,110.96,65.21,0.8
32,-1,167.49,405.66,99.44,64.01,0.8
32,-1,402.8,302.04,101.67,76.53,0.8
32,-1,614.83,181.31,134.4,77.36,0.8
32,-1,538.78,439.66,113.16,68.28,0.8
32,-1,575.37,514.23,110.96,65.21,0.8
33,-1,163.49,405.94,99.44,64.02,0.8
33,-1,402.8,305.28,101.67,76.53,0.8
33,-1,615.16,178.71,136.36,78.65,0.8
33,-1,537.25,439.75,114.69,69.15,0.8
33,-1,573.77,513.77,110.96,65.22,0.8
34,-1,159.49,406.23,99.44,64.01,0.8
34,-1,402.8,308.52,101.67,76.52,0.8
34,-1,615.49,176.1,138.32,79.96,0.8
34,-1,535.73,439.85,116.21,70.0,0.8
34,-1,572.17,513.32,110.96,65.21,0.8
35,-1,155.49,406.51,99.44,64.02,0.8
35,-1,402.11,306.23,101.67,76.53,0.8
35,-1,617.49,177.53,138.32,79.96,0.8
35,-1,534.2,439.94,117.74,70.86,0.8
35,-1,570.57,512.86,110.96,65.21,0.8
36,-1,151.49,406.8,99.44,64.01,0.8
36,-1,401.43,303.94,101.67,76.53,0.8
36,-1,619.49,178.96,138.32,79.95,0.8
36,-1,533.89,439.01,117.74,70.85,0.8
36,-1,568.97,512.4,110.96,65.21,0.8
37,-1,147.68,407.56,99.81,65.91,0.8
37,-1,400.74,301.66,101.67,76.53,0.8
37,-1,621.49,180.39,138.32,79.95,0.8
37,-1,533.58,438.07,117.74,70.86,0.8
37,-1,567.37,511.94,110.96,65.22,0.8
38,-1,143.87,408.32,100.17,67.8,0.8
38,-1,400.06,299.37,101.67,76.53,0.8
38,-1,623.49,181.81,138.32,79.96,0.8
38,-1,533.26,437.14,117.75,70.85,0.8
38,-1,564.17,512.63,112.78,67.26,0.8
39,-1,140.06,409.09,100.54,69.68,0.8
39,-1,399.37,297.09,101.67,76.53,0.8
39,-1,626.06,181.81,141.17,81.09,0.8
39,-1,532.95,436.2,117.75,70.86,0.8
39,-1,560.97,513.32,114.6,69.31,0.8
40,-1,139.68,406.04,100.54,69.68,0.8
40,-1,398.72,294.31,102.97,78.33,0.8
40,-1,628.63,181.81,144.02,82.23,0.8
40,-1,532.64,435.27,117.74,70.85,0.8
40,-1,557.77,514.0,116.43,71.36,0.8
41,-1,139.3,402.99,100.54,69.69,0.8
41,-1,398.06,291.54,104.28,80.12,0.8
41,-1,631.2,181.81,146.87,83.36,0.8
41,-1,532.33,434.33,117.74,70.86,0.8
41,-1,554.57,514.69,118.25,73.4,0.8
42,-1,138.92,399.94,100.54,69.69,0.8
42,-1,397.41,288.76,105.57,81.92,0.8
42,-1,633.77,181.81,149.72,84.49,0.8
42,-1,532.02,433.4,117.74,70.85,0.8
42,-1,551.37,515.37,120.07,75.46,0.8
43,-1,137.2,395.09,100.54,69.68,0.8
43,-1,396.76,285.98,106.87,83.72,0.8
43,-1,633.45,178.55,149.71,84.48,0.8
43,-1,531.71,432.46,117.74,70.86,0.8
43,-1,552.51,517.66,120.08,75.45,0.8
44,-1,135.49,390.23,100.54,69.68,0.8
44,-1,396.11,283.21,108.17,85.51,0.8
44,-1,633.12,175.28,149.71,84.49,0.8
44,-1,531.39,431.53,117.75,70.85,0.8
44,-1,553.66,519.94,120.07,75.46,0.8
45,-1,133.77,385.37,100.55,69.69,0.8
45,-1,395.45,280.43,109.47,87.31,0.8
45,-1,632.79,172.02,149.72,84.48,0.8
45,-1,531.08,430.59,117.75,70.86,0.8
45,-1,554.8,522.23,120.07,75.46,0.8
46,-1,132.06,380.52,100.54,69.68,0.8
46,-1,394.8,277.66,110.77,89.1,0.8
46,-1,632.47,168.75,149.71,84.49,0.8
46,-1,530.77,429.66,117.74,70.85,0.8
46,-1,555.94,524.52,120.07,75.45,0.8
47,-1,131.3,374.04,103.58,73.12,0.8
47,-1,394.8,275.75,110.77,89.1,0.8
47,-1,632.14,165.49,149.71,84.48,0.8
47,-1,530.77,430.99,117.74,70.86,0.8
47,-1,555.56,522.99,120.07,75.46,0.8
48,-1,130.54,367.56,106.61,76.55,0.8
48,-1,394.8,273.85,110.77,89.1,0.8
48,-1,631.81,162.22,149.72,84.49,0.8
48,-1,530.77,432.32,117.74,70.86,0.8
48,-1,555.18,521.47,120.07,75.45,0.8
49,-1,129.77,361.09,109.66,79.98,0.8
49,-1,394.8,271.94,110.77,89.1,0.8
49,-1,631.49,158.96,149.71,84.48,0.8
49,-1,530.77,433.66,117.74,70.85,0.8
49,-1,554.8,519.94,120.07,75.46,0.8
50,-1,124.44,358.04,112.31,82.65,0.8
50,-1,394.8,270.04,110.77,89.1,0.8
50,-1,634.06,157.24,149.71,84.49,0.8
50,-1,530.77,434.99,117.74,70.86,0.8
50,-1,554.42,518.42,120.07,75.46,0.8
51,-1,119.11,354.99,114.96,85.32,0.8
51,-1,394.8,268.13,110.77,89.1,0.8
51,-1,636.63,155.53,149.71,84.48,0.8
51,-1,530.77,436.32,117.74,70.86,0.8
51,-1,554.04,516.9,120.07,75.45,0.8
52,-1,113.77,351.94,117.62,87.99,0.8
52,-1,394.8,266.23,110.77,89.1,0.8
52,-1,639.2,153.81,149.71,84.49,0.8
52,-1,530.77,437.66,117.74,70.85,0.8
52,-1,553.66,515.37,120.07,75.46,0.8
53,-1,113.09,351.26,117.61,87.98,0.8
53,-1,395.56,263.94,110.77,89.1,0.8
53,-1,641.77,152.1,149.72,84.49,0.8
53,-1,528.49,434.69,117.74,70.85,0.8
53,-1,549.09,511.94,120.07,75.46,0.8
54,-1,112.4,350.57,117.61,87.99,0.8
54,-1,396.32,261.66,110.77,89.1,0.8
54,-1,646.92,153.81,149.71,84.49,0.8
54,-1,526.2,431.72,117.74,70.85,0.8
54,-1,544.8,507.94,120.07,75.46,0.8
55,-1,111.72,349.89,117.61,87.98,0.8
55,-1,397.08,259.37,110.78,89.1,0.8
55,-1,652.06,155.53,149.71,84.48,0.8
55,-1,523.91,428.74,117.75,70.86,0.8
55,-1,540.52,503.94,120.07,75.46,0.8
56,-1,111.03,349.2,117.61,87.99,0.8
56,-1,397.85,257.09,110.77,89.1,0.8
56,-1,657.2,157.24,149.72,84.49,0.8
56,-1,521.63,425.77,117.74,70.86,0.8
56,-1,537.37,504.51,120.07,75.46,0.8
57,-1,110.34,348.52,117.62,87.98,0.8
57,-1,398.61,254.8,110.77,89.1,0.8
57,-1,662.35,158.96,149.71,84.48,0.8
57,-1,519.34,422.8,117.75,70.86,0.8
57,-1,534.23,505.09,120.07,75.45,0.8
58,-1,112.06,337.09,117.61,87.98,0.8
58,-1,399.37,252.51,110.77,89.1,0.8
58,-1,666.92,162.38,149.71,84.49,0.8
58,-1,517.63,418.8,117.74,70.86,0.8
58,-1,534.23,508.23,120.07,75.46,0.8
59,-1,113.77,325.66,117.62,87.98,0.8
59,-1,399.37,249.09,110.77,89.1,0.8
59,-1,666.92,161.53,149.71,84.48,0.8
59,-1,515.91,414.8,117.75,70.86,0.8
59,-1,534.23,511.37,120.07,75.46,0.8
60,-1,112.92,321.66,117.61,87.98,0.8
60,-1,399.37,245.66,110.77,89.1,0.8
60,-1,666.92,160.67,149.71,84.49,0.8
60,-1,514.2,410.8,117.74,70.86,0.8
60,-1,534.23,514.52,120.07,75.45,0.8
61,-1,112.06,317.66,117.61,87.98,0.8
61,-1,399.37,242.23,110.77,89.1,0.8
61,-1,666.92,159.81,149.71,84.49,0.8
61,-1,512.49,406.8,117.74,70.86,0.8
61,-1,534.23,517.66,120.07,75.45,0.8
62,-1,111.2,313.66,117.61,87.98,0.8
62,-1,399.37,238.8,110.77,89.1,0.8
62,-1,666.92,158.96,149.71,84.48,0.8
62,-1,511.91,406.8,120.89,73.14,0.8
62,-1,532.66,516.8,120.07,75.46,0.8
63,-1,110.34,309.66,117.62,87.98,0.8
63,-1,398.51,238.23,110.77,89.1,0.8
63,-1,662.92,151.53,149.71,84.48,0.8
63,-1,511.34,406.8,124.03,75.43,0.8
63,-1,531.09,515.94,120.07,75.46,0.8
64,-1,105.77,303.94,117.62,87.99,0.8
64,-1,397.66,237.66,110.77,89.1,0.8
64,-1,658.92,144.1,149.71,84.48,0.8
64,-1,510.77,406.8,127.17,77.71,0.8
64,-1,529.52,515.09,120.07,75.45,0.8
65,-1,101.2,298.23,117.61,87.98,0.8
65,-1,396.8,237.09,110.77,89.1,0.8
65,-1,657.4,141.05,149.71,84.49,0.8
65,-1,510.2,406.8,130.31,80.0,0.8
65,-1,527.94,514.23,120.08,75.46,0.8
66,-1,98.63,299.66,117.61,87.98,0.8
66,-1,395.94,236.51,110.77,89.1,0.8
66,-1,655.87,138.0,149.71,84.49,0.8
66,-1,510.2,412.51,130.31,80.0,0.8
66,-1,526.37,513.37,120.07,75.46,0.8
67,-1,96.06,301.09,117.61,87.98,0.8
67,-1,394.8,233.08,110.77,89.1,0.8
67,-1,654.35,134.96,149.71,84.48,0.8
67,-1,510.2,418.23,130.31,80.0,0.8
67,-1,524.8,512.52,120.07,75.45,0.8
68,-1,93.49,302.52,117.61,87.98,0.8
68,-1,394.91,231.83,110.77,89.1,0.8
68,-1,656.63,128.67,149.72,84.49,0.8
68,-1,509.44,417.47,130.31,80.0,0.8
68,-1,523.23,511.66,120.07,75.45,0.8
69,-1,90.92,303.94,117.61,87.99,0.8
69,-1,395.03,230.57,110.77,89.1,0.8
69,-1,658.92,122.38,149.71,84.49,0.8
69,-1,508.68,416.7,130.31,80.0,0.8
69,-1,521.66,510.8,120.07,75.46,0.8
70,-1,90.69,302.12,117.61,87.98,0.8
70,-1,395.14,229.31,110.77,89.1,0.8
70,-1,663.03,124.21,151.31,86.77,0.8
70,-1,507.91,415.94,130.32,80.0,0.8
70,-1,517.09,507.37,120.07,75.46,0.8
71,-1,90.46,300.29,117.61,87.98,0.8
71,-1,395.26,228.06,110.77,89.1,0.8
71,-1,667.15,126.04,152.91,89.05,0.8
71,-1,507.15,415.18,130.32,80.0,0.8
71,-1,512.52,503.94,120.07,75.46,0.8
72,-1,90.23,298.46,117.61,87.98,0.8
72,-1,395.37,226.8,110.77,89.1,0.8
72,-1,671.26,127.87,154.51,91.33,0.8
72,-1,506.39,414.42,130.31,80.0,0.8
72,-1,510.23,501.09,120.07,75.45,0.8
73,-1,90.0,296.63,117.61,87.98,0.8
73,-1,395.48,225.54,110.78,89.1,0.8
73,-1,675.38,129.7,156.11,93.61,0.8
73,-1,505.63,413.66,130.31,80.0,0.8
73,-1,507.94,498.23,120.07,75.45,0.8
74,-1,89.77,294.8,117.62,87.99,0.8
74,-1,395.6,224.29,110.77,89.09,0.8
74,-1,679.49,131.53,157.71,95.88,0.8
74,-1,504.87,412.9,130.31,79.99,0.8
74,-1,507.66,502.23,120.07,75.45,0.8
75,-1,90.92,282.23,117.61,87.98,0.8
75,-1,395.71,223.03,110.78,89.1,0.8
75,-1,681.78,133.81,157.71,95.89,0.8
75,-1,504.1,412.13,130.32,80.0,0.8
75,-1,507.37,506.23,120.07,75.45,0.8
76,-1,90.34,277.66,117.62,87.98,0.8
76,-1,395.83,221.77,110.77,89.1,0.8
76,-1,684.06,136.1,157.71,95.89,0.8
76,-1,503.34,411.37,130.32,80.0,0.8
76,-1,507.09,510.23,120.07,75.45,0.8
77,-1,89.77,273.09,117.62,87.98,0.8
77,-1,395.94,220.51,110.77,89.1,0.8
77,-1,685.35,134.39,157.71,95.88,0.8
77,-1,495.34,403.37,130.32,80.0,0.8
77,-1,506.8,514.23,120.07,75.45,0.8
78,-1,92.06,267.37,117.61,87.99,0.8
78,-1,396.8,217.37,110.77,89.1,0.8
78,-1,686.63,132.67,157.71,95.89,0.8
78,-1,495.34,404.97,130.32,80.0,0.8
78,-1,507.94,521.09,120.08,75.45,0.8
79,-1,92.06,262.79,117.61,92.57,0.8
79,-1,397.66,214.23,110.77,89.1,0.8
79,-1,687.92,130.96,157.71,95.88,0.8
79,-1,495.34,406.57,130.32,80.0,0.8
79,-1,509.09,527.94,120.07,75.46,0.8
80,-1,92.06,258.2,117.61,97.16,0.8
80,-1,398.51,211.09,110.78,89.09,0.8
80,-1,689.2,129.24,157.71,95.89,0.8
80,-1,495.34,408.17,130.32,80.0,0.8
80,-1,509.09,527.94,124.64,80.61,0.8
81,-1,92.73,257.06,117.61,97.16,0.8
81,-1,399.37,207.94,110.77,89.1,0.8
81,-1,690.49,127.53,157.71,95.88,0.8
81,-1,495.34,409.77,130.32,80.0,0.8
81,-1,509.09,527.94,129.21,85.76,0.8
82,-1,93.39,255.91,117.61,97.16,0.8
82,-1,399.37,203.92,110.77,93.12,0.8
82,-1,691.78,125.81,157.71,95.89,0.8
82,-1,495.34,411.37,130.32,80.0,0.8
82,-1,509.09,527.94,127.61,85.76,0.8
83,-1,94.06,254.77,117.61,97.16,0.8
83,-1,399.37,199.9,110.77,97.14,0.8
83,-1,693.06,124.1,157.71,95.89,0.8
83,-1,497.63,418.61,130.31,80.0,0.8
83,-1,509.09,527.94,126.01,85.76,0.8
84,-1,94.73,253.63,117.61,97.16,0.8
84,-1,405.09,199.33,110.77,97.14,0.8
84,-1,694.35,122.39,157.71,95.88,0.8
84,-1,499.91,425.85,130.32,80.0,0.8
84,-1,509.09,527.94,124.41,85.76,0.8
85,-1,95.39,252.49,117.61,97.15,0.8
85,-1,410.8,198.76,110.77,97.14,0.8
85,-1,697.78,121.24,157.7,95.89,0.8
85,-1,502.2,433.09,130.31,80.0,0.8
85,-1,509.09,527.94,122.81,85.76,0.8
86,-1,96.06,251.34,117.61,97.16,0.8
86,-1,413.47,201.42,110.77,97.15,0.8
86,-1,701.2,120.1,157.71,95.89,0.8
86,-1,503.06,431.94,130.31,80.0,0.8
86,-1,509.09,527.94,121.21,85.76,0.8
87,-1,96.73,250.2,117.61,97.16,0.8
87,-1,416.13,204.09,110.77,97.14,0.8
87,-1,704.63,118.96,157.71,95.88,0.8
87,-1,503.91,430.8,130.32,80.0,0.8
87,-1,502.23,525.66,121.21,85.75,0.8
88,-1,97.39,249.06,117.61,97.16,0.8
88,-1,418.8,206.76,110.77,97.14,0.8
88,-1,707.49,115.53,166.86,104.46,0.8
88,-1,504.77,429.66,130.31,80.0,0.8
88,-1,499.37,519.37,121.22,85.76,0.8
89,-1,98.06,247.91,117.61,97.16,0.8
89,-1,418.8,210.19,110.77,97.14,0.8
89,-1,710.35,112.1,176.01,113.03,0.8
89,-1,505.63,428.51,130.31,80.0,0.8
89,-1,496.51,513.09,121.22,85.75,0.8
90,-1,98.73,246.77,117.61,97.16,0.8
90,-1,418.8,209.23,110.77,97.15,0.8
90,-1,709.2,112.1,181.7,119.9,0.8
90,-1,505.06,423.37,130.31,80.0,0.8
90,-1,496.51,509.66,121.22,85.75,0.8
91,-1,99.39,245.63,117.61,97.16,0.8
91,-1,418.8,208.28,110.77,97.14,0.8
91,-1,707.49,116.67,181.7,119.9,0.8
91,-1,504.48,418.23,130.32,80.0,0.8
91,-1,496.51,506.23,121.22,85.76,0.8
92,-1,100.06,244.49,117.61,97.15,0.8
92,-1,418.8,207.33,110.77,97.14,0.8
92,-1,705.77,121.25,181.7,119.89,0.8
92,-1,501.63,414.8,130.31,80.0,0.8
92,-1,495.94,509.66,121.22,85.75,0.8
93,-1,100.06,226.2,117.61,97.16,0.8
93,-1,418.8,206.38,110.77,97.14,0.8
93,-1,710.73,124.67,181.69,119.9,0.8
93,-1,498.77,411.37,130.32,80.0,0.8
93,-1,495.37,513.09,121.21,85.75,0.8
94,-1,100.06,224.82,119.9,98.54,0.8
94,-1,418.8,205.42,110.77,97.15,0.8
94,-1,715.68,128.1,181.7,119.9,0.8
94,-1,489.63,409.09,130.31,80.0,0.8
94,-1,492.51,517.66,123.48,89.76,0.8
95,-1,100.06,223.44,122.18,99.92,0.8
95,-1,418.8,204.47,110.77,97.14,0.8
95,-1,720.63,131.53,181.7,119.9,0.8
95,-1,489.63,403.94,133.74,85.15,0.8
95,-1,489.66,522.23,125.74,93.77,0.8
96,-1,100.06,222.06,124.47,101.3,0.8
96,-1,421.09,199.33,110.77,97.14,0.8
96,-1,723.88,131.53,178.45,119.9,0.8
96,-1,489.63,398.8,137.17,90.29,0.8
96,-1,483.94,533.66,125.75,93.77,0.8
97,-1,100.06,220.68,126.75,102.68,0.8
97,-1,423.37,194.19,110.77,97.14,0.8
97,-1,727.12,131.53,175.21,119.9,0.8
97,-1,489.63,404.13,137.17,90.29,0.8
97,-1,483.09,533.66,125.74,93.77,0.8
98,-1,100.06,219.3,129.04,104.06,0.8
98,-1,424.51,180.47,110.78,97.15,0.8
98,-1,730.37,131.53,171.96,119.9,0.8
98,-1,489.63,409.47,137.17,90.28,0.8
98,-1,482.23,533.66,125.74,93.77,0.8
99,-1,100.06,219.3,133.64,113.2,0.8
99,-1,424.13,180.47,113.06,99.81,0.8
99,-1,733.61,131.53,168.72,119.9,0.8
99,-1,489.63,414.8,137.17,90.29,0.8
99,-1,481.37,533.66,125.74,93.77,0.8
100,-1,100.92,217.87,133.64,113.2,0.8
100,-1,423.75,180.47,115.35,102.47,0.8
100,-1,736.86,131.53,165.47,119.9,0.8
100,-1,489.63,421.28,137.17,90.28,0.8
100,-1,480.51,533.66,125.75,93.77,0.8
101,-1,101.77,216.44,133.64,113.2,0.8
101,-1,423.37,180.47,117.63,105.13,0.8
101,-1,740.1,131.53,162.23,119.9,0.8
101,-1,489.63,427.75,137.17,90.29,0.8
101,-1,479.66,533.66,125.74,93.77,0.8
102,-1,102.63,215.01,133.64,113.2,0.8
102,-1,421.09,178.19,127.87,117.74,0.8
102,-1,738.39,126.96,162.22,119.9,0.8
102,-1,489.63,434.23,137.17,90.28,0.8
102,-1,478.8,533.66,125.74,93.77,0.8
103,-1,103.49,213.59,133.64,113.2,0.8
103,-1,422.23,182.19,127.87,117.74,0.8
103,-1,736.67,122.39,162.23,119.9,0.8
103,-1,489.63,431.94,137.17,90.29,0.8
103,-1,477.94,533.66,125.75,93.77,0.8
104,-1,104.34,212.16,133.65,113.2,0.8
104,-1,423.37,186.19,127.87,117.74,0.8
104,-1,740.1,120.1,162.23,119.9,0.8
104,-1,489.63,429.66,137.17,90.28,0.8
104,-1,477.09,533.66,125.74,93.77,0.8
105,-1,105.2,210.73,133.64,113.2,0.8
105,-1,423.37,186.19,137.03,130.31,0.8
105,-1,743.53,117.82,162.23,119.89,0.8
105,-1,489.63,427.37,137.17,90.29,0.8
105,-1,473.09,530.23,125.74,93.77,0.8
106,-1,106.06,209.3,133.64,113.2,0.8
106,-1,424.32,185.43,137.03,130.31,0.8
106,-1,749.24,117.82,171.46,136.98,0.8
106,-1,489.63,425.09,137.17,90.28,0.8
106,-1,469.09,526.8,125.74,93.77,0.8
107,-1,106.92,207.87,133.64,113.2,0.8
107,-1,425.28,184.67,137.02,130.31,0.8
107,-1,749.24,117.82,175.46,142.68,0.8
107,-1,489.63,422.8,137.17,90.29,0.8
107,-1,469.64,524.5,125.76,96.07,0.8
108,-1,112.63,202.16,133.64,113.2,0.8
108,-1,426.23,183.9,137.03,130.31,0.8
108,-1,749.24,117.82,179.46,148.38,0.8
108,-1,489.63,420.51,137.17,90.29,0.8
108,-1,470.2,522.2,125.77,98.37,0.8
109,-1,112.63,185.01,133.64,113.2,0.8
109,-1,427.18,183.14,137.03,130.31,0.8
109,-1,760.67,126.96,179.46,148.38,0.8
109,-1,488.48,417.09,137.18,90.28,0.8
109,-1,469.82,524.49,125.77,98.37,0.8
110,-1,118.34,177.58,133.65,113.21,0.8
110,-1,428.13,182.38,137.03,130.31,0.8
110,-1,767.81,126.67,179.46,148.39,0.8
110,-1,487.34,413.66,137.17,90.28,0.8
110,-1,469.44,526.77,125.77,98.37,0.8
111,-1,124.06,170.16,133.64,113.2,0.8
111,-1,429.08,181.62,137.03,130.31,0.8
111,-1,774.96,126.39,179.45,148.38,0.8
111,-1,483.91,409.09,137.18,90.28,0.8
111,-1,469.06,529.06,125.77,98.37,0.8
112,-1,124.06,170.16,135.94,117.77,0.8
112,-1,435.94,173.62,137.03,130.31,0.8
112,-1,782.1,126.1,179.46,148.38,0.8
112,-1,485.06,406.8,137.17,90.29,0.8
112,-1,471.34,533.06,125.77,98.37,0.8
113,-1,124.06,170.16,138.24,122.34,0.8
113,-1,442.8,165.62,137.03,130.31,0.8
113,-1,789.24,125.81,179.46,148.39,0.8
113,-1,488.49,401.09,137.17,90.28,0.8
113,-1,473.63,537.06,125.77,98.37,0.8
114,-1,129.77,170.16,138.24,122.34,0.8
114,-1,447.37,151.9,137.03,130.31,0.8
114,-1,793.81,125.81,179.46,148.39,0.8
114,-1,491.91,398.8,138.35,99.47,0.8
114,-1,473.63,535.92,125.77,98.37,0.8
115,-1,134.63,169.87,138.24,122.34,0.8
115,-1,451.66,151.9,137.03,130.31,0.8
115,-1,798.67,125.81,179.46,148.39,0.8
115,-1,491.91,400.71,139.89,103.28,0.8
115,-1,475.15,535.92,125.77,98.37,0.8
116,-1,139.49,169.58,138.24,122.35,0.8
116,-1,455.94,151.9,137.03,130.31,0.8
116,-1,803.53,125.81,179.46,148.39,0.8
116,-1,491.91,402.61,141.44,107.1,0.8
116,-1,476.68,535.92,125.77,98.37,0.8
117,-1,144.34,169.3,138.25,122.34,0.8
117,-1,460.23,151.9,137.03,130.31,0.8
117,-1,808.39,125.81,179.45,148.39,0.8
117,-1,491.91,404.51,142.99,110.92,0.8
117,-1,478.2,535.92,125.77,98.37,0.8
118,-1,149.2,169.01,138.24,122.35,0.8
118,-1,464.51,151.9,137.03,130.31,0.8
118,-1,813.24,125.81,179.46,148.39,0.8
118,-1,494.2,406.8,142.99,110.91,0.8
118,-1,480.49,535.92,125.77,98.37,0.8
119,-1,167.49,169.01,138.24,122.35,0.8
119,-1,474.8,153.05,137.03,130.31,0.8
119,-1,824.67,126.96,179.46,148.38,0.8
119,-1,503.34,412.51,142.99,110.92,0.8
119,-1,485.06,535.92,125.77,98.37,0.8
120,-1,171.49,166.16,138.24,122.34,0.8
120,-1,480.51,153.05,142.7,137.15,0.8
120,-1,826.96,122.39,179.45,148.38,0.8
120,-1,507.15,411.75,142.99,110.92,0.8
120,-1,487.91,532.49,125.78,98.37,0.8
121,-1,175.49,163.3,138.24,122.34,0.8
121,-1,488.51,155.33,142.7,137.16,0.8
121,-1,829.24,117.81,179.46,148.39,0.8
121,-1,510.96,410.99,142.99,110.91,0.8
121,-1,490.77,529.06,125.77,98.37,0.8
122,-1,178.91,160.44,138.25,122.34,0.8
122,-1,495.37,155.33,142.7,137.16,0.8
122,-1,836.1,117.81,179.46,148.39,0.8
122,-1,514.77,410.23,142.99,110.91,0.8
122,-1,491.34,525.63,125.77,98.37,0.8
123,-1,182.34,157.58,138.24,122.35,0.8
123,-1,502.23,155.33,142.7,137.16,0.8
123,-1,842.96,117.81,179.45,148.39,0.8
123,-1,514.77,405.66,142.99,110.91,0.8
123,-1,491.92,522.2,125.77,98.37,0.8
124,-1,190.91,147.3,138.25,122.34,0.8
124,-1,507.37,155.33,142.7,137.16,0.8
124,-1,850.96,116.67,179.45,148.39,0.8
124,-1,519.34,405.66,142.99,110.91,0.8
124,-1,494.2,522.2,125.77,98.37,0.8
125,-1,199.49,137.01,138.24,122.35,0.8
125,-1,512.51,155.33,142.7,137.16,0.8
125,-1,877.24,117.81,184.02,164.4,0.8
125,-1,526.2,403.37,142.99,110.92,0.8
125,-1,498.77,522.2,125.77,98.37,0.8
126,-1,201.77,132.44,138.24,122.35,0.8
126,-1,515.94,156.19,142.7,137.15,0.8
126,-1,881.81,117.81,192.06,181.59,0.8
126,-1,528.48,403.37,142.99,110.92,0.8
126,-1,498.77,521.06,129.2,103.53,0.8
127,-1,204.06,127.87,138.24,122.34,0.8
127,-1,519.37,157.05,142.7,137.15,0.8
127,-1,884.86,120.86,192.06,181.59,0.8
127,-1,530.77,403.37,142.99,110.92,0.8
127,-1,498.77,519.92,132.63,108.69,0.8
128,-1,217.77,131.3,138.24,122.34,0.8
128,-1,522.8,157.9,142.7,137.16,0.8
128,-1,887.91,123.91,192.06,181.59,0.8
128,-1,533.06,403.37,142.98,110.92,0.8
128,-1,506.77,518.77,138.33,121.23,0.8
129,-1,231.49,134.73,138.24,122.34,0.8
129,-1,526.23,158.76,142.7,137.15,0.8
129,-1,890.96,126.96,192.05,181.58,0.8
129,-1,539.91,404.51,142.99,110.92,0.8
129,-1,515.92,531.34,138.32,121.23,0.8
130,-1,246.34,137.01,142.83,131.5,0.8
130,-1,535.37,159.9,142.7,137.16,0.8
130,-1,908.1,136.1,192.06,181.59,0.8
130,-1,553.63,407.94,142.98,110.92,0.8
130,-1,515.92,531.34,142.88,133.76,0.8
131,-1,253.2,141.58,142.83,131.51,0.8
131,-1,549.09,157.62,142.7,137.15,0.8
131,-1,926.39,140.67,192.05,181.59,0.8
131,-1,562.77,411.37,142.99,110.92,0.8
131,-1,518.2,539.34,142.89,133.76,0.8
132,-1,258.91,145.01,142.83,131.5,0.8
132,-1,558.23,159.9,142.7,137.16,0.8
132,-1,936.1,143.53,192.06,181.58,0.8
132,-1,568.48,411.37,148.73,126.93,0.8
132,-1,518.2,551.92,138.29,121.18,0.8
133,-1,265.77,145.01,142.83,131.5,0.8
133,-1,582.23,159.9,150.74,149.7,0.8
133,-1,945.81,146.38,192.06,181.59,0.8
133,-1,567.34,411.37,148.73,141.83,0.8
133,-1,518.2,564.5,133.7,108.6,0.8
134,-1,282.91,147.3,142.83,131.5,0.8
134,-1,586.8,162.76,150.74,149.7,0.8
134,-1,950.39,156.67,192.05,181.59,0.8
134,-1,576.49,413.66,148.72,141.83,0.8
134,-1,534.2,565.64,133.7,108.6,0.8
135,-1,288.63,145.58,142.83,131.5,0.8
135,-1,591.37,165.62,150.74,149.69,0.8
135,-1,957.62,155.15,192.06,181.58,0.8
135,-1,581.63,418.23,148.73,141.83,0.8
135,-1,535.34,566.21,133.7,108.6,0.8
136,-1,294.34,143.87,142.83,131.5,0.8
136,-1,601.66,170.19,150.74,149.7,0.8
136,-1,964.86,153.62,192.06,181.59,0.8
136,-1,586.77,422.8,148.73,141.83,0.8
136,-1,536.49,566.79,133.7,108.6,0.8
137,-1,305.77,139.3,142.83,131.5,0.8
137,-1,611.94,174.76,150.75,149.7,0.8
137,-1,972.1,152.1,192.06,181.59,0.8
137,-1,593.63,421.66,148.73,141.83,0.8
137,-1,538.2,565.07,133.7,108.6,0.8
138,-1,312.05,129.58,142.83,131.5,0.8
138,-1,617.66,175.9,150.74,149.7,0.8
138,-1,972.67,152.1,192.06,181.59,0.8
138,-1,595.92,413.66,148.72,141.83,0.8
138,-1,539.92,563.36,133.69,108.6,0.8
139,-1,318.34,119.87,142.83,131.5,0.8
139,-1,623.37,177.05,150.74,149.69,0.8
139,-1,973.24,152.1,192.06,181.59,0.8
139,-1,603.92,413.66,148.72,141.83,0.8
139,-1,547.92,556.5,133.69,108.6,0.8
140,-1,324.05,110.73,142.83,131.5,0.8
140,-1,633.09,173.62,150.74,149.7,0.8
140,-1,987.34,155.91,192.06,181.58,0.8
140,-1,630.2,410.23,148.73,141.83,0.8
140,-1,545.63,551.93,134.86,112.03,0.8
141,-1,329.77,101.58,142.83,131.5,0.8
141,-1,642.8,170.19,150.74,149.7,0.8
141,-1,1001.43,159.72,192.06,181.58,0.8
141,-1,625.63,404.52,148.73,141.82,0.8
141,-1,545.63,530.3,134.86,133.66,0.8
142,-1,336.62,91.3,150.79,146.4,0.8
142,-1,643.94,169.05,150.75,149.69,0.8
142,-1,1015.53,163.53,192.06,181.58,0.8
142,-1,648.5,404.52,125.86,137.28,0.8
142,-1,535.34,528.01,134.86,133.66,0.8
143,-1,342.34,86.73,150.79,146.4,0.8
143,-1,654.23,162.19,150.74,149.7,0.8
143,-1,1017.82,162.38,192.05,181.59,0.8
143,-1,640.5,405.66,125.86,137.28,0.8
143,-1,555.92,530.3,134.85,133.66,0.8
144,-1,351.48,77.58,156.49,156.65,0.8
144,-1,661.09,158.19,150.74,149.7,0.8
144,-1,1029.25,164.67,192.05,181.59,0.8
144,-1,643.93,399.95,125.86,137.28,0.8
144,-1,562.77,525.73,134.86,133.66,0.8
145,-1,365.2,73.01,156.49,156.65,0.8
145,-1,667.94,154.19,150.75,149.7,0.8
145,-1,1040.67,166.96,192.06,181.58,0.8
145,-1,648.5,404.52,125.86,137.28,0.8
145,-1,569.63,524.58,134.86,133.66,0.8
146,-1,373.2,75.3,156.49,156.64,0.8
146,-1,675.94,148.48,150.75,149.69,0.8
146,-1,1051.53,165.81,192.06,181.59,0.8
146,-1,653.07,404.52,125.86,137.28,0.8
146,-1,577.06,526.3,134.85,133.66,0.8
147,-1,376.62,68.44,163.34,172.67,0.8
147,-1,695.37,145.05,150.74,149.69,0.8
147,-1,1062.39,164.67,192.05,181.59,0.8
147,-1,657.64,404.52,125.86,137.28,0.8
147,-1,584.49,528.01,134.85,133.66,0.8
148,-1,390.34,67.3,163.33,172.67,0.8
148,-1,702.8,141.05,150.74,149.69,0.8
148,-1,1066.39,164.67,192.05,181.59,0.8
148,-1,661.64,402.8,125.86,137.29,0.8
148,-1,589.63,528.01,137.71,136.53,0.8
149,-1,406.34,66.16,163.33,172.67,0.8
149,-1,710.23,137.05,150.74,149.69,0.8
149,-1,1070.39,164.67,192.05,181.59,0.8
149,-1,665.64,401.09,125.86,137.28,0.8
149,-1,594.77,528.01,140.57,139.39,0.8
150,-1,416.63,65.01,163.33,172.68,0.8
150,-1,717.47,136.29,153.8,153.49,0.8
150,-1,1073.82,164.67,192.05,181.59,0.8
150,-1,679.36,404.52,125.86,137.28,0.8
150,-1,603.35,528.01,133.71,136.54,0.8
151,-1,422.34,61.59,163.33,172.67,0.8
151,-1,724.7,135.52,156.87,157.3,0.8
151,-1,1077.25,164.67,192.05,181.59,0.8
151,-1,686.79,409.66,125.86,137.28,0.8
151,-1,611.94,528.01,126.83,133.69,0.8
152,-1,428.05,58.16,163.34,172.67,0.8
152,-1,731.94,134.76,159.93,161.1,0.8
152,-1,1080.67,164.67,192.06,181.59,0.8
152,-1,694.21,414.8,125.86,137.29,0.8
152,-1,620.52,528.01,119.97,130.84,0.8
153,-1,434.91,50.73,163.33,172.67,0.8
153,-1,741.66,135.33,159.93,161.1,0.8
153,-1,1111.5,164.67,162.37,165.63,0.8
153,-1,696.5,414.8,125.86,137.29,0.8
153,-1,629.1,528.01,113.1,127.99,0.8
154,-1,441.77,43.3,163.33,172.67,0.8
154,-1,751.37,135.9,159.93,161.1,0.8
154,-1,1113.79,166.96,162.37,165.63,0.8
154,-1,703.36,414.8,125.86,137.29,0.8
154,-1,633.67,524.58,113.1,127.99,0.8
155,-1,456.63,41.01,163.33,172.68,0.8
155,-1,762.04,137.81,159.93,161.09,0.8
155,-1,1114.93,168.1,159.36,165.63,0.8
155,-1,707.93,414.23,125.86,137.28,0.8
155,-1,638.24,521.16,113.1,127.98,0.8
156,-1,469.2,31.87,163.33,172.67,0.8
156,-1,772.7,139.71,159.93,161.1,0.8
156,-1,1119.5,168.1,157.64,165.63,0.8
156,-1,712.5,413.66,125.86,137.28,0.8
156,-1,642.81,517.73,113.1,127.98,0.8
157,-1,478.34,26.16,163.33,172.67,0.8
157,-1,783.37,141.62,159.93,161.09,0.8
157,-1,1124.07,168.1,155.93,165.63,0.8
157,-1,723.93,405.66,125.86,137.28,0.8
157,-1,647.39,514.3,113.1,127.99,0.8
158,-1,489.77,23.87,163.33,172.67,0.8
158,-1,790.8,136.48,159.93,161.09,0.8
158,-1,1126.93,168.1,152.5,165.63,0.8
158,-1,729.64,398.8,125.86,137.29,0.8
158,-1,653.1,510.3,113.1,127.99,0.8
159,-1,501.2,21.59,163.33,172.67,0.8
159,-1,798.23,131.33,159.93,161.1,0.8
159,-1,1129.78,168.1,149.08,165.63,0.8
159,-1,735.36,391.95,125.86,137.28,0.8
159,-1,658.81,506.3,113.1,127.99,0.8
160,-1,509.77,18.16,163.33,172.67,0.8
160,-1,802.23,127.33,159.93,161.1,0.8
160,-1,1205.2,168.1,73.66,165.63,0.8
160,-1,744.5,390.8,125.86,137.29,0.8
160,-1,665.67,498.3,114.23,132.6,0.8
161,-1,518.34,14.73,163.33,172.67,0.8
161,-1,806.23,123.33,159.93,161.1,0.8
161,-1,753.64,385.09,125.86,137.28,0.8
161,-1,669.1,498.3,114.23,132.6,0.8
162,-1,530.91,13.59,163.34,172.67,0.8
162,-1,833.66,119.91,159.93,161.09,0.8
162,-1,765.07,382.8,125.86,137.29,0.8
162,-1,682.81,498.3,114.23,132.6,0.8
163,-1,543.48,12.44,163.34,172.67,0.8
163,-1,840.51,121.05,159.93,161.09,0.8
163,-1,767.36,378.23,125.86,137.28,0.8
163,-1,685.1,502.87,114.23,132.6,0.8
164,-1,556.06,7.87,163.33,172.67,0.8
164,-1,846.23,121.05,159.93,161.09,0.8
164,-1,774.21,378.23,125.86,137.28,0.8
164,-1,689.67,501.73,118.77,141.78,0.8
165,-1,575.48,4.44,163.34,172.67,0.8
165,-1,869.08,113.05,159.93,161.09,0.8
165,-1,799.36,378.23,125.86,153.33,0.8
165,-1,713.67,513.16,118.77,141.78,0.8
166,-1,585.77,4.44,163.33,172.67,0.8
166,-1,886.23,111.86,159.93,165.71,0.8
166,-1,803.93,377.09,125.86,153.32,0.8
166,-1,723.96,513.16,118.77,141.78,0.8
167,-1,602.91,0.0,163.34,172.54,0.8
167,-1,893.08,116.43,159.93,165.71,0.8
167,-1,808.5,377.09,125.86,153.32,0.8
167,-1,729.67,514.3,118.77,141.79,0.8
168,-1,607.48,0.0,163.34,172.54,0.8
168,-1,899.94,116.43,159.93,165.71,0.8
168,-1,822.21,386.23,125.86,153.33,0.8
168,-1,738.81,516.58,118.78,141.79,0.8
169,-1,617.77,0.0,163.33,170.26,0.8
169,-1,910.23,118.71,159.93,165.72,0.8
169,-1,829.07,386.23,125.86,153.33,0.8
169,-1,747.96,518.87,118.77,141.79,0.8
170,-1,630.34,0.0,163.33,169.11,0.8
170,-1,926.23,121.0,159.93,165.72,0.8
170,-1,848.5,383.94,125.86,153.33,0.8
170,-1,758.24,518.87,118.78,141.79,0.8
171,-1,638.34,0.0,163.33,169.11,0.8
171,-1,934.23,121.0,159.93,165.72,0.8
171,-1,856.5,383.94,125.86,153.33,0.8
171,-1,763.96,520.01,118.77,141.79,0.8
172,-1,652.06,0.0,163.33,169.11,0.8
172,-1,943.37,127.86,159.93,165.71,0.8
172,-1,862.21,385.08,125.86,153.33,0.8
172,-1,771.96,521.73,118.77,141.78,0.8
173,-1,670.34,1.14,163.34,169.12,0.8
173,-1,947.94,127.86,159.93,165.71,0.8
173,-1,872.5,386.23,125.86,153.33,0.8
173,-1,779.96,523.44,118.77,141.79,0.8
174,-1,687.49,1.14,163.33,169.12,0.8
174,-1,962.23,127.86,159.93,165.71,0.8
174,-1,881.64,385.09,125.86,153.32,0.8
174,-1,787.96,509.73,118.77,141.78,0.8
175,-1,703.49,1.14,163.33,169.12,0.8
175,-1,976.51,127.86,159.93,165.71,0.8
175,-1,890.78,383.94,125.86,153.33,0.8
175,-1,795.96,509.73,118.77,141.78,0.8
176,-1,704.63,1.14,163.33,169.12,0.8
176,-1,976.51,126.71,159.93,165.72,0.8
176,-1,893.07,381.66,125.86,153.33,0.8
176,-1,797.1,508.58,118.77,141.79,0.8
177,-1,720.63,0.0,163.33,169.12,0.8
177,-1,991.37,125.57,159.93,165.72,0.8
177,-1,909.07,373.66,125.86,153.33,0.8
177,-1,823.39,499.44,118.77,141.79,0.8
178,-1,732.06,0.0,163.33,169.12,0.8
178,-1,1006.23,122.14,159.93,165.72,0.8
178,-1,912.5,373.66,125.86,153.33,0.8
178,-1,831.01,504.01,118.77,141.79,0.8
179,-1,744.63,1.14,163.33,169.12,0.8
179,-1,1021.08,118.71,159.93,165.72,0.8
179,-1,922.79,373.66,125.85,153.33,0.8
179,-1,838.63,508.58,118.77,141.79,0.8
180,-1,759.49,0.0,163.33,159.97,0.8
180,-1,1024.51,119.86,159.93,165.71,0.8
180,-1,933.07,372.51,125.86,153.33,0.8
180,-1,846.24,513.15,118.78,141.79,0.8
181,-1,768.63,0.0,163.33,159.97,0.8
181,-1,1034.42,119.86,159.93,165.71,0.8
181,-1,941.07,378.23,125.86,153.33,0.8
181,-1,866.8,523.4,103.9,141.8,0.8
182,-1,781.2,0.0,163.33,156.54,0.8
182,-1,1044.32,119.86,159.93,165.71,0.8
182,-1,949.07,383.94,125.86,153.33,0.8
182,-1,874.8,523.4,103.9,141.8,0.8
183,-1,788.06,0.0,171.33,166.79,0.8
183,-1,1054.23,119.86,159.93,165.71,0.8
183,-1,955.93,388.51,125.86,153.33,0.8
183,-1,879.37,524.54,103.9,141.8,0.8
184,-1,801.2,0.0,171.33,163.93,0.8
184,-1,1071.94,129.57,159.93,165.72,0.8
184,-1,977.64,390.8,125.86,153.33,0.8
184,-1,889.66,529.11,103.9,141.8,0.8
185,-1,814.34,0.0,171.33,161.07,0.8
185,-1,1089.66,139.29,159.92,165.71,0.8
185,-1,985.64,390.8,125.86,153.33,0.8
185,-1,901.09,535.97,103.9,141.8,0.8
186,-1,830.34,1.14,171.33,161.07,0.8
186,-1,1097.66,142.71,159.92,165.72,0.8
186,-1,1002.79,399.94,125.85,153.33,0.8
186,-1,909.09,542.83,103.9,141.8,0.8
187,-1,834.92,0.0,171.32,173.6,0.8
187,-1,1098.8,143.29,159.93,165.71,0.8
187,-1,1007.36,405.66,125.86,153.33,0.8
187,-1,920.51,548.54,103.9,141.8,0.8
188,-1,845.2,0.0,171.33,166.74,0.8
188,-1,1099.94,143.86,159.93,165.71,0.8
188,-1,1016.5,406.8,125.86,153.33,0.8
188,-1,931.94,554.26,103.9,141.8,0.8
189,-1,854.35,1.14,171.32,166.75,0.8
189,-1,1111.37,140.43,159.93,165.71,0.8
189,-1,1024.5,406.8,125.86,153.33,0.8
189,-1,943.37,553.11,103.9,141.8,0.8
190,-1,869.2,2.86,171.33,166.74,0.8
190,-1,1143.96,139.86,131.69,165.71,0.8
190,-1,1041.64,393.08,125.86,153.33,0.8
190,-1,944.51,535.97,103.9,141.8,0.8
191,-1,884.06,4.57,171.33,166.74,0.8
191,-1,1176.54,139.29,103.46,165.71,0.8
191,-1,1047.36,393.08,125.86,153.33,0.8
191,-1,958.23,539.4,103.9,141.8,0.8
192,-1,896.63,4.57,171.33,166.74,0.8
192,-1,1175.97,138.14,103.46,165.72,0.8
192,-1,1059.93,387.37,125.86,153.33,0.8
192,-1,971.94,530.26,103.9,141.8,0.8
193,-1,911.49,4.57,171.33,166.74,0.8
193,-1,1175.4,137.0,103.46,165.72,0.8
193,-1,1069.07,387.37,125.86,153.33,0.8
193,-1,994.8,525.68,103.9,141.8,0.8
194,-1,919.49,4.57,171.33,166.74,0.8
194,-1,1174.83,135.86,103.46,165.71,0.8
194,-1,1076.5,386.8,125.86,153.33,0.8
194,-1,1000.51,526.45,103.9,141.8,0.8
195,-1,948.06,2.29,171.33,166.74,0.8
195,-1,1083.93,386.23,125.86,153.33,0.8
195,-1,1006.23,527.21,103.9,141.8,0.8
196,-1,954.92,3.43,171.33,166.74,0.8
196,-1,1097.64,379.37,125.86,153.33,0.8
196,-1,1011.94,527.97,103.9,141.8,0.8
197,-1,961.78,4.57,171.32,166.74,0.8
197,-1,1115.93,385.09,125.86,153.32,0.8
197,-1,1021.08,530.26,103.9,141.8,0.8
198,-1,972.06,0.0,171.33,165.6,0.8
198,-1,1120.5,385.09,125.86,153.32,0.8
198,-1,1040.51,532.54,103.9,141.8,0.8
199,-1,977.77,0.0,171.33,165.6,0.8
199,-1,1136.5,393.09,125.86,153.32,0.8
199,-1,1051.94,533.69,103.9,141.8,0.8
200,-1,996.06,0.0,171.33,165.6,0.8
200,-1,1147.93,398.8,125.86,153.33,0.8
200,-1,1059.94,540.54,103.9,141.8,0.8
201,-1,1002.92,0.0,171.33,164.46,0.8
201,-1,1166.21,413.66,113.79,153.33,0.8
201,-1,1075.94,547.4,103.9,141.8,0.8
202,-1,1022.35,1.14,171.32,164.46,0.8
202,-1,1181.84,413.66,98.16,153.33,0.8
202,-1,1087.37,554.26,103.9,141.8,0.8
203,-1,1033.77,1.14,171.33,164.46,0.8
203,-1,1197.47,413.66,82.53,153.33,0.8
203,-1,1100.51,558.26,103.9,141.8,0.8
204,-1,1054.92,1.71,171.33,164.46,0.8
204,-1,1213.1,413.66,66.9,153.33,0.8
204,-1,1113.66,562.26,103.9,141.8,0.8
205,-1,1076.06,2.29,171.33,164.45,0.8
205,-1,1213.1,413.66,66.9,153.33,0.8
205,-1,1119.37,556.54,103.9,141.8,0.8
206,-1,1085.2,10.29,171.33,164.45,0.8
206,-1,1213.1,413.66,66.9,153.33,0.8
206,-1,1127.37,555.4,103.9,141.8,0.8
207,-1,1093.77,10.29,171.33,164.45,0.8
207,-1,1136.51,547.4,103.9,141.8,0.8
208,-1,1102.34,10.29,171.33,164.45,0.8
208,-1,1152.51,537.11,103.9,141.8,0.8
209,-1,1104.63,9.14,171.33,164.46,0.8
209,-1,1160.51,532.54,103.9,141.8,0.8
210,-1,1119.1,8.76,158.0,164.46,0.8
210,-1,1177.66,525.68,102.34,141.8,0.8
211,-1,1133.56,8.38,144.68,164.46,0.8
211,-1,1177.66,525.68,102.34,141.8,0.8
212,-1,1148.03,8.0,131.36,164.46,0.8
212,-1,1177.66,525.68,102.34,141.8,0.8
213,-1,1173.54,5.33,106.05,164.46,0.8
213,-1,1177.66,525.68,102.34,141.8,0.8
214,-1,1199.06,2.67,80.74,164.45,0.8
215,-1,1224.57,0.0,55.43,164.46,0.8
