1,1,273.77,449.09,88.0,50.28000000000003,1,1,1.0
1,2,439.37,340.51,94.86000000000001,64.0,1,1,1.0
1,3,610.92,208.06,124.57000000000005,70.86000000000001,1,1,1.0
1,4,599.37,443.37,99.42999999999995,60.56999999999999,1,1,1.0
1,5,663.37,508.51,93.83000000000004,50.39999999999998,1,1,1.0
2,1,266.91,449.09,93.72999999999996,57.150000000000034,1,1,1.0
2,2,438.8,338.8,94.85999999999996,64.0,1,1,1.0
2,3,610.34,207.63,124.57999999999993,70.86000000000001,1,1,1.0
2,4,597.66,443.94,99.43000000000006,60.56999999999999,1,1,1.0
2,5,659.94,508.23,93.82999999999993,50.39999999999998,1,1,1.0
3,1,260.06,449.09,99.44,64.01000000000005,1,1,1.0
3,2,438.23,337.09,94.86000000000001,64.0,1,1,1.0
3,3,609.77,207.2,124.57000000000005,70.86000000000001,1,1,1.0
3,4,595.94,444.51,99.42999999999995,60.579999999999984,1,1,1.0
3,5,656.51,507.94,93.83000000000004,50.400000000000034,1,1,1.0
4,1,256.06,447.37,99.44,64.01999999999998,1,1,1.0
4,2,437.09,333.09,94.85000000000008,64.0,1,1,1.0
4,3,609.2,206.77,124.56999999999994,70.85999999999999,1,1,1.0
4,4,594.23,445.09,99.42999999999995,60.57000000000005,1,1,1.0
4,5,653.09,507.66,93.82999999999993,50.39999999999992,1,1,1.0
5,1,252.06,445.66,99.44,64.00999999999999,1,1,1.0
5,2,435.94,329.09,94.85999999999996,64.0,1,1,1.0
5,3,608.63,206.34,124.57000000000005,70.85999999999999,1,1,1.0
5,4,592.52,445.66,99.42000000000007,60.56999999999999,1,1,1.0
5,5,649.66,507.37,93.83000000000004,50.39999999999998,1,1,1.0
6,1,247.49,446.8,99.44,64.00999999999999,1,1,1.0
6,2,433.09,326.51,94.85000000000008,64.0,1,1,1.0
6,3,608.06,205.92,124.57000000000005,70.85,1,1,1.0
6,4,589.09,443.37,99.42999999999995,60.56999999999999,1,1,1.0
6,5,645.94,508.51,93.82999999999993,50.39999999999998,1,1,1.0
7,1,241.39,447.18,99.44,64.01999999999998,1,1,1.0
7,2,430.23,323.94,94.86000000000001,64.0,1,1,1.0
7,3,607.49,205.49,124.56999999999994,70.84999999999997,1,1,1.0
7,4,585.66,441.09,99.43000000000006,60.57000000000005,1,1,1.0
7,5,642.23,509.66,93.82999999999993,50.39999999999992,1,1,1.0
8,1,235.3,447.56,99.44,64.01999999999998,1,1,1.0
8,2,427.37,321.37,94.86000000000001,64.0,1,1,1.0
8,3,606.92,205.06,124.57000000000005,70.86000000000001,1,1,1.0
8,4,582.23,438.8,99.42999999999995,60.56999999999999,1,1,1.0
8,5,638.52,510.8,93.82000000000005,50.400000000000034,1,1,1.0
9,1,229.2,447.94,99.44,64.01999999999998,1,1,1.0
9,2,424.51,318.8,94.86000000000001,64.0,1,1,1.0
9,3,606.34,204.63,124.57999999999993,70.86000000000001,1,1,1.0
9,4,578.8,436.51,99.43000000000006,60.579999999999984,1,1,1.0
9,5,634.8,511.94,93.83000000000004,50.400000000000034,1,1,1.0
10,1,226.06,445.94,99.44,64.01999999999998,1,1,1.0
10,2,422.23,314.23,98.25999999999999,70.25999999999999,1,1,1.0
10,3,604.06,201.2,124.57000000000005,70.86000000000001,1,1,1.0
10,4,576.23,435.09,99.42999999999995,60.57000000000005,1,1,1.0
10,5,632.8,511.94,93.83000000000004,50.400000000000034,1,1,1.0
11,1,222.91,443.94,99.45000000000002,64.01999999999998,1,1,1.0
11,2,419.94,309.66,101.67000000000002,76.52999999999997,1,1,1.0
11,3,601.77,197.77,124.57000000000005,70.85999999999999,1,1,1.0
11,4,573.66,433.66,99.43000000000006,60.56999999999999,1,1,1.0
11,5,630.8,511.94,93.83000000000004,50.400000000000034,1,1,1.0
12,1,219.77,441.94,99.43999999999997,64.01999999999998,1,1,1.0
12,2,418.23,308.23,101.66999999999996,76.52999999999997,1,1,1.0
12,3,599.49,194.34,124.56999999999994,70.85999999999999,1,1,1.0
12,4,571.09,432.23,99.41999999999996,60.56999999999999,1,1,1.0
12,5,628.8,511.94,93.83000000000004,50.400000000000034,1,1,1.0
13,1,216.63,439.94,99.44,64.01999999999998,1,1,1.0
13,2,416.51,306.8,101.68000000000006,76.52999999999997,1,1,1.0
13,3,597.2,190.92,124.56999999999994,70.85,1,1,1.0
13,4,568.51,430.8,99.43000000000006,60.56999999999999,1,1,1.0
13,5,626.8,511.94,93.83000000000004,50.400000000000034,1,1,1.0
14,1,215.49,435.37,99.44,64.01999999999998,1,1,1.0
14,2,414.8,305.37,101.67000000000002,76.52999999999997,1,1,1.0
14,3,601.2,186.34,124.56999999999994,70.85999999999999,1,1,1.0
14,4,566.8,431.09,99.43000000000006,60.57000000000005,1,1,1.0
14,5,623.37,509.66,93.83000000000004,50.39999999999992,1,1,1.0
15,1,214.34,430.8,99.45000000000002,64.00999999999999,1,1,1.0
15,2,413.09,303.94,101.67000000000002,76.53000000000003,1,1,1.0
15,3,605.2,181.77,124.56999999999994,70.85999999999999,1,1,1.0
15,4,565.09,431.37,99.41999999999996,60.56999999999999,1,1,1.0
15,5,619.94,507.37,93.82999999999993,50.39999999999998,1,1,1.0
16,1,209.77,426.23,99.43999999999997,64.00999999999999,1,1,1.0
16,2,412.13,303.37,101.66999999999996,76.52999999999997,1,1,1.0
16,3,605.77,178.34,124.57000000000005,70.85999999999999,1,1,1.0
16,4,563.37,431.66,99.42999999999995,60.56999999999999,1,1,1.0
16,5,616.51,505.09,93.83000000000004,50.400000000000034,1,1,1.0
17,1,205.2,421.66,99.44,64.00999999999999,1,1,1.0
17,2,411.18,302.8,101.67000000000002,76.52999999999997,1,1,1.0
17,3,606.34,174.92,124.57999999999993,70.85000000000002,1,1,1.0
17,4,561.66,431.94,99.43000000000006,60.56999999999999,1,1,1.0
17,5,613.09,502.8,93.81999999999994,50.400000000000034,1,1,1.0
18,1,199.49,418.23,99.44,64.00999999999999,1,1,1.0
18,2,410.23,302.23,101.66999999999996,76.52999999999997,1,1,1.0
18,3,607.77,177.77,124.57000000000005,70.85999999999999,1,1,1.0
18,4,559.37,432.51,99.42999999999995,60.579999999999984,1,1,1.0
18,5,609.09,501.09,93.81999999999994,50.400000000000034,1,1,1.0
19,1,193.77,414.8,99.43999999999997,64.00999999999999,1,1,1.0
19,2,409.28,301.66,101.67000000000002,76.52999999999997,1,1,1.0
19,3,609.2,180.63,124.56999999999994,70.86000000000001,1,1,1.0
19,4,557.08,433.09,99.42999999999995,60.57000000000005,1,1,1.0
19,5,605.09,499.37,93.81999999999994,50.39999999999998,1,1,1.0
20,1,189.77,419.37,99.43999999999997,64.01999999999998,1,1,1.0
20,2,408.32,301.09,101.67000000000002,76.53000000000003,1,1,1.0
20,3,610.63,183.49,124.57000000000005,70.85,1,1,1.0
20,4,555.94,434.51,99.42999999999995,60.579999999999984,1,1,1.0
20,5,602.8,500.8,93.83000000000004,50.400000000000034,1,1,1.0
21,1,185.77,423.94,99.43999999999997,64.01999999999998,1,1,1.0
21,2,407.37,300.52,101.67000000000002,76.52000000000004,1,1,1.0
21,3,612.06,186.34,124.57000000000005,70.85999999999999,1,1,1.0
21,4,554.8,435.94,99.43000000000006,60.56999999999999,1,1,1.0
21,5,600.51,502.23,93.83000000000004,50.39999999999998,1,1,1.0
22,1,179.49,424.51,99.44,64.01999999999998,1,1,1.0
22,2,403.94,299.37,101.67000000000002,76.52999999999997,1,1,1.0
22,3,612.25,187.68,124.57000000000005,70.84999999999997,1,1,1.0
22,4,553.66,437.37,99.43000000000006,60.56999999999999,1,1,1.0
22,5,598.23,503.66,93.82999999999993,50.39999999999992,1,1,1.0
23,1,173.2,425.09,99.44,64.01000000000005,1,1,1.0
23,2,400.51,298.23,101.67000000000002,76.52999999999997,1,1,1.0
23,3,612.44,189.01,124.56999999999994,70.86000000000001,1,1,1.0
23,4,552.51,438.8,99.43000000000006,60.56999999999999,1,1,1.0
23,5,595.94,505.09,93.82999999999993,50.400000000000034,1,1,1.0
24,1,172.38,423.45,99.44999999999999,64.02000000000004,1,1,1.0
24,2,400.97,296.4,101.66999999999996,76.53000000000003,1,1,1.0
24,3,612.63,190.34,124.57000000000005,70.85999999999999,1,1,1.0
24,4,550.99,438.9,100.95000000000005,61.420000000000016,1,1,1.0
24,5,592.8,507.94,98.11000000000001,54.10999999999996,1,1,1.0
25,1,171.57,421.82,99.44,64.00999999999999,1,1,1.0
25,2,401.43,294.57,101.67000000000002,76.53000000000003,1,1,1.0
25,3,612.82,191.68,124.56999999999994,70.84999999999997,1,1,1.0
25,4,549.46,438.99,102.48000000000002,62.289999999999964,1,1,1.0
25,5,589.66,510.8,102.38999999999999,57.81,1,1,1.0
26,1,170.75,420.19,99.44,64.00999999999999,1,1,1.0
26,2,401.89,292.74,101.67000000000002,76.52999999999997,1,1,1.0
26,3,613.01,193.01,124.57000000000005,70.86000000000001,1,1,1.0
26,4,547.94,439.09,104.0,63.14000000000004,1,1,1.0
26,5,586.51,513.66,106.68000000000006,61.50999999999999,1,1,1.0
27,1,169.94,418.56,99.44,64.00999999999999,1,1,1.0
27,2,402.34,290.92,101.67000000000002,76.51999999999998,1,1,1.0
27,3,613.2,194.34,124.56999999999994,70.85999999999999,1,1,1.0
27,4,546.41,439.18,105.53000000000009,64.0,1,1,1.0
27,5,583.37,516.52,110.96000000000004,65.21000000000004,1,1,1.0
28,1,169.12,416.92,99.44,64.01999999999998,1,1,1.0
28,2,402.8,289.09,101.67000000000002,76.53000000000003,1,1,1.0
28,3,613.53,191.74,126.52999999999997,72.14999999999998,1,1,1.0
28,4,544.88,439.28,107.06000000000006,64.85000000000002,1,1,1.0
28,5,581.77,516.06,110.96000000000004,65.21000000000004,1,1,1.0
29,1,168.3,415.29,99.44,64.00999999999999,1,1,1.0
29,2,402.8,292.33,101.67000000000002,76.52000000000004,1,1,1.0
29,3,613.85,189.13,128.51,73.45999999999998,1,1,1.0
29,4,543.36,439.37,108.58000000000004,65.71999999999997,1,1,1.0
29,5,580.17,515.6,110.96000000000004,65.20999999999992,1,1,1.0
30,1,167.49,413.66,99.44,64.00999999999999,1,1,1.0
30,2,402.8,295.56,101.67000000000002,76.52999999999997,1,1,1.0
30,3,614.18,186.52,130.47000000000003,74.75999999999996,1,1,1.0
30,4,541.83,439.47,110.11000000000001,66.57,1,1,1.0
30,5,578.57,515.14,110.95999999999992,65.22000000000003,1,1,1.0
31,1,167.49,409.66,99.44,64.00999999999999,1,1,1.0
31,2,402.8,298.8,101.67000000000002,76.52999999999997,1,1,1.0
31,3,614.51,183.92,132.43000000000006,76.06000000000003,1,1,1.0
31,4,540.3,439.56,111.6400000000001,67.43,1,1,1.0
31,5,576.97,514.69,110.95999999999992,65.20999999999992,1,1,1.0
32,1,167.49,405.66,99.44,64.00999999999999,1,1,1.0
32,2,402.8,302.04,101.67000000000002,76.52999999999997,1,1,1.0
32,3,614.83,181.31,134.39999999999998,77.36000000000001,1,1,1.0
32,4,538.78,439.66,113.16000000000008,68.27999999999997,1,1,1.0
32,5,575.37,514.23,110.96000000000004,65.21000000000004,1,1,1.0
33,1,163.49,405.94,99.44,64.01999999999998,1,1,1.0
33,2,402.8,305.28,101.67000000000002,76.53000000000003,1,1,1.0
33,3,615.16,178.71,136.36,78.65,1,1,1.0
33,4,537.25,439.75,114.69000000000005,69.14999999999998,1,1,1.0
33,5,573.77,513.77,110.96000000000004,65.22000000000003,1,1,1.0
34,1,159.49,406.23,99.44,64.00999999999999,1,1,1.0
34,2,402.8,308.52,101.67000000000002,76.52000000000004,1,1,1.0
34,3,615.49,176.1,138.31999999999994,79.96000000000001,1,1,1.0
34,4,535.73,439.85,116.21000000000004,70.0,1,1,1.0
34,5,572.17,513.32,110.96000000000004,65.20999999999992,1,1,1.0
35,1,155.49,406.51,99.44,64.01999999999998,1,1,1.0
35,2,402.11,306.23,101.66999999999996,76.52999999999997,1,1,1.0
35,3,617.49,177.53,138.31999999999994,79.96000000000001,1,1,1.0
35,4,534.2,439.94,117.74000000000001,70.86000000000001,1,1,1.0
35,5,570.57,512.86,110.95999999999992,65.21000000000004,1,1,1.0
36,1,151.49,406.8,99.44,64.00999999999999,1,1,1.0
36,2,401.43,303.94,101.67000000000002,76.53000000000003,1,1,1.0
36,3,619.49,178.96,138.31999999999994,79.95000000000002,1,1,1.0
36,4,533.89,439.01,117.74000000000001,70.85000000000002,1,1,1.0
36,5,568.97,512.4,110.95999999999992,65.21000000000004,1,1,1.0
37,1,147.68,407.56,99.81,65.91000000000003,1,1,1.0
37,2,400.74,301.66,101.67000000000002,76.52999999999997,1,1,1.0
37,3,621.49,180.39,138.31999999999994,79.94999999999999,1,1,1.0
37,4,533.58,438.07,117.74000000000001,70.86000000000001,1,1,1.0
37,5,567.37,511.94,110.96000000000004,65.21999999999997,1,1,1.0
38,1,143.87,408.32,100.16999999999999,67.80000000000001,1,1,1.0
38,2,400.06,299.37,101.67000000000002,76.52999999999997,1,1,1.0
38,3,623.49,181.81,138.31999999999994,79.95999999999998,1,1,1.0
38,4,533.26,437.14,117.75,70.85000000000002,1,1,1.0
38,5,564.17,512.63,112.78000000000009,67.25999999999999,1,1,1.0
39,1,140.06,409.09,100.53999999999999,69.68,1,1,1.0
39,2,399.37,297.09,101.67000000000002,76.53000000000003,1,1,1.0
39,3,626.06,181.81,141.17000000000007,81.08999999999997,1,1,1.0
39,4,532.95,436.2,117.75,70.86000000000001,1,1,1.0
39,5,560.97,513.32,114.60000000000002,69.30999999999995,1,1,1.0
40,1,139.68,406.04,100.53999999999999,69.68,1,1,1.0
40,2,398.72,294.31,102.96999999999997,78.32999999999998,1,1,1.0
40,3,628.63,181.81,144.01999999999998,82.23000000000002,1,1,1.0
40,4,532.64,435.27,117.74000000000001,70.85000000000002,1,1,1.0
40,5,557.77,514.0,116.43000000000006,71.36000000000001,1,1,1.0
41,1,139.3,402.99,100.53999999999999,69.69,1,1,1.0
41,2,398.06,291.54,104.27999999999997,80.12,1,1,1.0
41,3,631.2,181.81,146.87,83.36000000000001,1,1,1.0
41,4,532.33,434.33,117.74000000000001,70.86000000000001,1,1,1.0
41,5,554.57,514.69,118.25,73.39999999999998,1,1,1.0
42,1,138.92,399.94,100.54000000000002,69.69,1,1,1.0
42,2,397.41,288.76,105.57,81.92000000000002,1,1,1.0
42,3,633.77,181.81,149.72000000000003,84.49000000000001,1,1,1.0
42,4,532.02,433.4,117.74000000000001,70.85000000000002,1,1,1.0
42,5,551.37,515.37,120.07000000000005,75.46000000000004,1,1,1.0
43,1,137.2,395.09,100.54000000000002,69.68,1,1,1.0
43,2,396.76,285.98,106.87,83.71999999999997,1,1,1.0
43,3,633.45,178.55,149.70999999999992,84.47999999999996,1,1,1.0
43,4,531.71,432.46,117.74000000000001,70.86000000000001,1,1,1.0
43,5,552.51,517.66,120.08000000000004,75.45000000000005,1,1,1.0
44,1,135.49,390.23,100.53999999999999,69.68,1,1,1.0
44,2,396.11,283.21,108.16999999999996,85.51000000000005,1,1,1.0
44,3,633.12,175.28,149.71000000000004,84.48999999999998,1,1,1.0
44,4,531.39,431.53,117.75,70.85000000000002,1,1,1.0
44,5,553.66,519.94,120.07000000000005,75.45999999999992,1,1,1.0
45,1,133.77,385.37,100.54999999999998,69.69,1,1,1.0
45,2,395.45,280.43,109.47000000000003,87.31,1,1,1.0
45,3,632.79,172.02,149.72000000000003,84.47999999999999,1,1,1.0
45,4,531.08,430.59,117.75,70.86000000000001,1,1,1.0
45,5,554.8,522.23,120.07000000000005,75.46000000000004,1,1,1.0
46,1,132.06,380.52,100.53999999999999,69.68,1,1,1.0
46,2,394.8,277.66,110.76999999999998,89.09999999999997,1,1,1.0
46,3,632.47,168.75,149.70999999999992,84.49000000000001,1,1,1.0
46,4,530.77,429.66,117.74000000000001,70.84999999999997,1,1,1.0
46,5,555.94,524.52,120.06999999999994,75.45000000000005,1,1,1.0
47,1,131.3,374.04,103.57999999999998,73.12,1,1,1.0
47,2,394.8,275.75,110.76999999999998,89.10000000000002,1,1,1.0
47,3,632.14,165.49,149.71000000000004,84.47999999999999,1,1,1.0
47,4,530.77,430.99,117.74000000000001,70.86000000000001,1,1,1.0
47,5,555.56,522.99,120.07000000000005,75.46000000000004,1,1,1.0
48,1,130.54,367.56,106.61000000000001,76.55000000000001,1,1,1.0
48,2,394.8,273.85,110.76999999999998,89.09999999999997,1,1,1.0
48,3,631.81,162.22,149.72000000000003,84.49000000000001,1,1,1.0
48,4,530.77,432.32,117.74000000000001,70.86000000000001,1,1,1.0
48,5,555.18,521.47,120.07000000000005,75.44999999999993,1,1,1.0
49,1,129.77,361.09,109.66,79.98000000000002,1,1,1.0
49,2,394.8,271.94,110.76999999999998,89.10000000000002,1,1,1.0
49,3,631.49,158.96,149.71000000000004,84.47999999999999,1,1,1.0
49,4,530.77,433.66,117.74000000000001,70.84999999999997,1,1,1.0
49,5,554.8,519.94,120.07000000000005,75.45999999999992,1,1,1.0
50,1,124.44,358.04,112.31,82.64999999999998,1,1,1.0
50,2,394.8,270.04,110.76999999999998,89.09999999999997,1,1,1.0
50,3,634.06,157.24,149.71000000000004,84.48999999999998,1,1,1.0
50,4,530.77,434.99,117.74000000000001,70.86000000000001,1,1,1.0
50,5,554.42,518.42,120.07000000000005,75.46000000000004,1,1,1.0
51,1,119.11,354.99,114.96,85.32,1,1,1.0
51,2,394.8,268.13,110.76999999999998,89.10000000000002,1,1,1.0
51,3,636.63,155.53,149.71000000000004,84.47999999999999,1,1,1.0
51,4,530.77,436.32,117.74000000000001,70.86000000000001,1,1,1.0
51,5,554.04,516.9,120.07000000000005,75.45000000000005,1,1,1.0
52,1,113.77,351.94,117.61999999999999,87.99000000000001,1,1,1.0
52,2,394.8,266.23,110.76999999999998,89.09999999999997,1,1,1.0
52,3,639.2,153.81,149.70999999999992,84.49000000000001,1,1,1.0
52,4,530.77,437.66,117.74000000000001,70.84999999999997,1,1,1.0
52,5,553.66,515.37,120.07000000000005,75.46000000000004,1,1,1.0
53,1,113.09,351.26,117.60999999999999,87.98000000000002,1,1,1.0
53,2,395.56,263.94,110.76999999999998,89.10000000000002,1,1,1.0
53,3,641.77,152.1,149.72000000000003,84.49000000000001,1,1,1.0
53,4,528.49,434.69,117.74000000000001,70.85000000000002,1,1,1.0
53,5,549.09,511.94,120.06999999999994,75.45999999999998,1,1,1.0
54,1,112.4,350.57,117.60999999999999,87.99000000000001,1,1,1.0
54,2,396.32,261.66,110.76999999999998,89.09999999999997,1,1,1.0
54,3,646.92,153.81,149.71000000000004,84.49000000000001,1,1,1.0
54,4,526.2,431.72,117.74000000000001,70.84999999999997,1,1,1.0
54,5,544.8,507.94,120.07000000000005,75.45999999999998,1,1,1.0
55,1,111.72,349.89,117.61000000000001,87.98000000000002,1,1,1.0
55,2,397.08,259.37,110.78000000000003,89.10000000000002,1,1,1.0
55,3,652.06,155.53,149.71000000000004,84.47999999999999,1,1,1.0
55,4,523.91,428.74,117.75,70.86000000000001,1,1,1.0
55,5,540.52,503.94,120.07000000000005,75.45999999999998,1,1,1.0
56,1,111.03,349.2,117.60999999999999,87.99000000000001,1,1,1.0
56,2,397.85,257.09,110.76999999999998,89.10000000000002,1,1,1.0
56,3,657.2,157.24,149.7199999999999,84.48999999999998,1,1,1.0
56,4,521.63,425.77,117.74000000000001,70.86000000000001,1,1,1.0
56,5,537.37,504.51,120.07000000000005,75.46000000000004,1,1,1.0
57,1,110.34,348.52,117.62,87.98000000000002,1,1,1.0
57,2,398.61,254.8,110.76999999999998,89.09999999999997,1,1,1.0
57,3,662.35,158.96,149.70999999999992,84.47999999999999,1,1,1.0
57,4,519.34,422.8,117.75,70.86000000000001,1,1,1.0
57,5,534.23,505.09,120.06999999999994,75.44999999999999,1,1,1.0
58,1,112.06,337.09,117.60999999999999,87.98000000000002,1,1,1.0
58,2,399.37,252.51,110.76999999999998,89.10000000000002,1,1,1.0
58,3,666.92,162.38,149.71000000000004,84.49000000000001,1,1,1.0
58,4,517.63,418.8,117.74000000000001,70.86000000000001,1,1,1.0
58,5,534.23,508.23,120.06999999999994,75.46000000000004,1,1,1.0
59,1,113.77,325.66,117.61999999999999,87.97999999999996,1,1,1.0
59,2,399.37,249.09,110.76999999999998,89.1,1,1,1.0
59,3,666.92,161.53,149.71000000000004,84.47999999999999,1,1,1.0
59,4,515.91,414.8,117.75,70.86000000000001,1,1,1.0
59,5,534.23,511.37,120.06999999999994,75.46000000000004,1,1,1.0
60,1,112.92,321.66,117.61,87.97999999999996,1,1,1.0
60,2,399.37,245.66,110.76999999999998,89.1,1,1,1.0
60,3,666.92,160.67,149.71000000000004,84.49000000000001,1,1,1.0
60,4,514.2,410.8,117.74000000000001,70.86000000000001,1,1,1.0
60,5,534.23,514.52,120.06999999999994,75.45000000000005,1,1,1.0
61,1,112.06,317.66,117.60999999999999,87.97999999999996,1,1,1.0
61,2,399.37,242.23,110.76999999999998,89.1,1,1,1.0
61,3,666.92,159.81,149.71000000000004,84.49000000000001,1,1,1.0
61,4,512.49,406.8,117.74000000000001,70.86000000000001,1,1,1.0
61,5,534.23,517.66,120.06999999999994,75.45000000000005,1,1,1.0
62,1,111.2,313.66,117.61,87.97999999999996,1,1,1.0
62,2,399.37,238.8,110.76999999999998,89.09999999999997,1,1,1.0
62,3,666.92,158.96,149.71000000000004,84.47999999999999,1,1,1.0
62,4,511.91,406.8,120.88999999999993,73.13999999999999,1,1,1.0
62,5,532.66,516.8,120.07000000000005,75.46000000000004,1,1,1.0
63,1,110.34,309.66,117.62,87.97999999999996,1,1,1.0
63,2,398.51,238.23,110.76999999999998,89.1,1,1,1.0
63,3,662.92,151.53,149.71000000000004,84.47999999999999,1,1,1.0
63,4,511.34,406.8,124.03000000000003,75.43,1,1,1.0
63,5,531.09,515.94,120.06999999999994,75.45999999999992,1,1,1.0
64,1,105.77,303.94,117.61999999999999,87.99000000000001,1,1,1.0
64,2,397.66,237.66,110.76999999999998,89.1,1,1,1.0
64,3,658.92,144.1,149.71000000000004,84.48000000000002,1,1,1.0
64,4,510.77,406.8,127.17000000000007,77.70999999999998,1,1,1.0
64,5,529.52,515.09,120.07000000000005,75.44999999999993,1,1,1.0
65,1,101.2,298.23,117.61,87.97999999999996,1,1,1.0
65,2,396.8,237.09,110.76999999999998,89.1,1,1,1.0
65,3,657.4,141.05,149.71000000000004,84.48999999999998,1,1,1.0
65,4,510.2,406.8,130.31,80.0,1,1,1.0
65,5,527.94,514.23,120.07999999999993,75.46000000000004,1,1,1.0
66,1,98.63,299.66,117.61000000000001,87.97999999999996,1,1,1.0
66,2,395.94,236.51,110.76999999999998,89.10000000000002,1,1,1.0
66,3,655.87,138.0,149.71000000000004,84.49000000000001,1,1,1.0
66,4,510.2,412.51,130.31,80.0,1,1,1.0
66,5,526.37,513.37,120.07000000000005,75.46000000000004,1,1,1.0
67,1,96.06,301.09,117.60999999999999,87.98000000000002,1,1,1.0
67,2,394.8,233.08,110.76999999999998,89.1,1,1,1.0
67,3,654.35,134.96,149.70999999999992,84.47999999999999,1,1,1.0
67,4,510.2,418.23,130.31,80.0,1,1,1.0
67,5,524.8,512.52,120.07000000000005,75.45000000000005,1,1,1.0
68,1,93.49,302.52,117.61,87.98000000000002,1,1,1.0
68,2,394.91,231.83,110.76999999999998,89.1,1,1,1.0
68,3,656.63,128.67,149.72000000000003,84.49000000000001,1,1,1.0
68,4,509.44,417.47,130.31,80.0,1,1,1.0
68,5,523.23,511.66,120.06999999999994,75.44999999999999,1,1,1.0
69,1,90.92,303.94,117.61,87.99000000000001,1,1,1.0
69,2,395.03,230.57,110.77000000000004,89.10000000000002,1,1,1.0
69,3,658.92,122.38,149.71000000000004,84.49000000000001,1,1,1.0
69,4,508.68,416.7,130.31,80.0,1,1,1.0
69,5,521.66,510.8,120.07000000000005,75.45999999999998,1,1,1.0
70,1,90.69,302.12,117.61000000000001,87.98000000000002,1,1,1.0
70,2,395.14,229.31,110.77000000000004,89.10000000000002,1,1,1.0
70,3,663.03,124.21,151.31000000000006,86.77,1,1,1.0
70,4,507.91,415.94,130.32,80.0,1,1,1.0
70,5,517.09,507.37,120.06999999999994,75.46000000000004,1,1,1.0
71,1,90.46,300.29,117.61,87.97999999999996,1,1,1.0
71,2,395.26,228.06,110.76999999999998,89.10000000000002,1,1,1.0
71,3,667.15,126.04,152.90999999999997,89.05,1,1,1.0
71,4,507.15,415.18,130.32000000000005,80.0,1,1,1.0
71,5,512.52,503.94,120.07000000000005,75.45999999999998,1,1,1.0
72,1,90.23,298.46,117.61,87.98000000000002,1,1,1.0
72,2,395.37,226.8,110.76999999999998,89.09999999999997,1,1,1.0
72,3,671.26,127.87,154.51,91.32999999999998,1,1,1.0
72,4,506.39,414.42,130.31000000000006,80.0,1,1,1.0
72,5,510.23,501.09,120.06999999999994,75.44999999999999,1,1,1.0
73,1,90.0,296.63,117.61000000000001,87.98000000000002,1,1,1.0
73,2,395.48,225.54,110.77999999999997,89.1,1,1,1.0
73,3,675.38,129.7,156.11,93.61000000000001,1,1,1.0
73,4,505.63,413.66,130.31000000000006,80.0,1,1,1.0
73,5,507.94,498.23,120.07,75.44999999999993,1,1,1.0
74,1,89.77,294.8,117.61999999999999,87.99000000000001,1,1,1.0
74,2,395.6,224.29,110.76999999999998,89.09,1,1,1.0
74,3,679.49,131.53,157.71000000000004,95.88,1,1,1.0
74,4,504.87,412.9,130.30999999999995,79.99000000000001,1,1,1.0
74,5,507.66,502.23,120.07,75.44999999999993,1,1,1.0
75,1,90.92,282.23,117.61,87.97999999999996,1,1,1.0
75,2,395.71,223.03,110.78000000000003,89.1,1,1,1.0
75,3,681.78,133.81,157.71000000000004,95.88999999999999,1,1,1.0
75,4,504.1,412.13,130.31999999999994,80.0,1,1,1.0
75,5,507.37,506.23,120.07000000000005,75.44999999999993,1,1,1.0
76,1,90.34,277.66,117.62,87.97999999999996,1,1,1.0
76,2,395.83,221.77,110.77000000000004,89.1,1,1,1.0
76,3,684.06,136.1,157.71000000000004,95.89000000000001,1,1,1.0
76,4,503.34,411.37,130.32,80.0,1,1,1.0
76,5,507.09,510.23,120.07,75.44999999999993,1,1,1.0
77,1,89.77,273.09,117.61999999999999,87.98000000000002,1,1,1.0
77,2,395.94,220.51,110.76999999999998,89.10000000000002,1,1,1.0
77,3,685.35,134.39,157.70999999999992,95.88000000000002,1,1,1.0
77,4,495.34,403.37,130.32,80.0,1,1,1.0
77,5,506.8,514.23,120.07,75.44999999999993,1,1,1.0
78,1,92.06,267.37,117.60999999999999,87.99000000000001,1,1,1.0
78,2,396.8,217.37,110.76999999999998,89.10000000000002,1,1,1.0
78,3,686.63,132.67,157.71000000000004,95.89000000000001,1,1,1.0
78,4,495.34,404.97,130.32,80.0,1,1,1.0
78,5,507.94,521.09,120.07999999999998,75.44999999999993,1,1,1.0
79,1,92.06,262.79,117.60999999999999,92.57,1,1,1.0
79,2,397.66,214.23,110.76999999999998,89.1,1,1,1.0
79,3,687.92,130.96,157.71000000000004,95.88,1,1,1.0
79,4,495.34,406.57,130.32,80.0,1,1,1.0
79,5,509.09,527.94,120.07,75.45999999999992,1,1,1.0
80,1,92.06,258.2,117.60999999999999,97.16000000000003,1,1,1.0
80,2,398.51,211.09,110.78000000000003,89.09,1,1,1.0
80,3,689.2,129.24,157.70999999999992,95.88999999999999,1,1,1.0
80,4,495.34,408.17,130.32,80.0,1,1,1.0
80,5,509.09,527.94,124.64000000000004,80.6099999999999,1,1,1.0
81,1,92.73,257.06,117.61,97.16000000000003,1,1,1.0
81,2,399.37,207.94,110.76999999999998,89.10000000000002,1,1,1.0
81,3,690.49,127.53,157.71000000000004,95.88,1,1,1.0
81,4,495.34,409.77,130.32,80.0,1,1,1.0
81,5,509.09,527.94,129.20999999999998,85.75999999999999,1,1,1.0
82,1,93.39,255.91,117.61,97.16,1,1,1.0
82,2,399.37,203.92,110.76999999999998,93.12000000000003,1,1,1.0
82,3,691.78,125.81,157.71000000000004,95.88999999999999,1,1,1.0
82,4,495.34,411.37,130.32,80.0,1,1,1.0
82,5,509.09,527.94,127.61000000000007,85.75999999999999,1,1,1.0
83,1,94.06,254.77,117.60999999999999,97.16,1,1,1.0
83,2,399.37,199.9,110.76999999999998,97.14000000000001,1,1,1.0
83,3,693.06,124.1,157.71000000000004,95.89000000000001,1,1,1.0
83,4,497.63,418.61,130.31000000000006,80.0,1,1,1.0
83,5,509.09,527.94,126.01000000000005,85.75999999999999,1,1,1.0
84,1,94.73,253.63,117.61,97.16000000000003,1,1,1.0
84,2,405.09,199.33,110.77000000000004,97.14000000000001,1,1,1.0
84,3,694.35,122.39,157.70999999999992,95.88000000000001,1,1,1.0
84,4,499.91,425.85,130.32,80.0,1,1,1.0
84,5,509.09,527.94,124.41000000000003,85.75999999999999,1,1,1.0
85,1,95.39,252.49,117.61,97.14999999999998,1,1,1.0
85,2,410.8,198.76,110.77000000000004,97.13999999999999,1,1,1.0
85,3,697.78,121.24,157.70000000000005,95.89,1,1,1.0
85,4,502.2,433.09,130.31,80.00000000000006,1,1,1.0
85,5,509.09,527.94,122.81,85.75999999999999,1,1,1.0
86,1,96.06,251.34,117.60999999999999,97.16,1,1,1.0
86,2,413.47,201.42,110.76999999999998,97.15,1,1,1.0
86,3,701.2,120.1,157.70999999999992,95.89000000000001,1,1,1.0
86,4,503.06,431.94,130.31,80.0,1,1,1.0
86,5,509.09,527.94,121.20999999999998,85.75999999999999,1,1,1.0
87,1,96.73,250.2,117.61,97.16000000000003,1,1,1.0
87,2,416.13,204.09,110.76999999999998,97.14000000000001,1,1,1.0
87,3,704.63,118.96,157.71000000000004,95.88000000000001,1,1,1.0
87,4,503.91,430.8,130.32,80.0,1,1,1.0
87,5,502.23,525.66,121.21000000000004,85.75,1,1,1.0
88,1,97.39,249.06,117.61,97.16000000000003,1,1,1.0
88,2,418.8,206.76,110.77000000000004,97.13999999999999,1,1,1.0
88,3,707.49,115.53,166.86,104.46000000000001,1,1,1.0
88,4,504.77,429.66,130.31000000000006,80.0,1,1,1.0
88,5,499.37,519.37,121.22000000000003,85.75999999999999,1,1,1.0
89,1,98.06,247.91,117.60999999999999,97.16,1,1,1.0
89,2,418.8,210.19,110.77000000000004,97.13999999999999,1,1,1.0
89,3,710.35,112.1,176.01,113.03,1,1,1.0
89,4,505.63,428.51,130.31000000000006,80.0,1,1,1.0
89,5,496.51,513.09,121.22000000000003,85.75,1,1,1.0
90,1,98.73,246.77,117.61,97.16,1,1,1.0
90,2,418.8,209.23,110.77000000000004,97.15,1,1,1.0
90,3,709.2,112.1,181.69999999999993,119.9,1,1,1.0
90,4,505.06,423.37,130.31,80.0,1,1,1.0
90,5,496.51,509.66,121.22000000000003,85.74999999999994,1,1,1.0
91,1,99.39,245.63,117.61,97.16000000000003,1,1,1.0
91,2,418.8,208.28,110.77000000000004,97.14000000000001,1,1,1.0
91,3,707.49,116.67,181.70000000000005,119.89999999999999,1,1,1.0
91,4,504.48,418.23,130.31999999999994,80.0,1,1,1.0
91,5,496.51,506.23,121.22000000000003,85.75999999999999,1,1,1.0
92,1,100.06,244.49,117.60999999999999,97.14999999999998,1,1,1.0
92,2,418.8,207.33,110.77000000000004,97.14000000000001,1,1,1.0
92,3,705.77,121.25,181.70000000000005,119.88999999999999,1,1,1.0
92,4,501.63,414.8,130.31000000000006,80.0,1,1,1.0
92,5,495.94,509.66,121.21999999999997,85.74999999999994,1,1,1.0
93,1,100.06,226.2,117.60999999999999,97.16000000000003,1,1,1.0
93,2,418.8,206.38,110.77000000000004,97.13999999999999,1,1,1.0
93,3,710.73,124.67,181.68999999999994,119.89999999999999,1,1,1.0
93,4,498.77,411.37,130.32000000000005,80.0,1,1,1.0
93,5,495.37,513.09,121.21000000000004,85.75,1,1,1.0
94,1,100.06,224.82,119.9,98.54000000000002,1,1,1.0
94,2,418.8,205.42,110.77000000000004,97.15,1,1,1.0
94,3,715.68,128.1,181.70000000000005,119.9,1,1,1.0
94,4,489.63,409.09,130.31000000000006,80.0,1,1,1.0
94,5,492.51,517.66,123.48000000000002,89.75999999999999,1,1,1.0
95,1,100.06,223.44,122.18,99.92000000000002,1,1,1.0
95,2,418.8,204.47,110.77000000000004,97.14000000000001,1,1,1.0
95,3,720.63,131.53,181.70000000000005,119.9,1,1,1.0
95,4,489.63,403.94,133.74,85.14999999999998,1,1,1.0
95,5,489.66,522.23,125.73999999999995,93.76999999999998,1,1,1.0
96,1,100.06,222.06,124.47,101.30000000000001,1,1,1.0
96,2,421.09,199.33,110.77000000000004,97.14000000000001,1,1,1.0
96,3,723.88,131.53,178.45000000000005,119.9,1,1,1.0
96,4,489.63,398.8,137.16999999999996,90.28999999999996,1,1,1.0
96,5,483.94,533.66,125.75000000000006,93.76999999999998,1,1,1.0
97,1,100.06,220.68,126.75,102.68,1,1,1.0
97,2,423.37,194.19,110.76999999999998,97.13999999999999,1,1,1.0
97,3,727.12,131.53,175.21000000000004,119.9,1,1,1.0
97,4,489.63,404.13,137.16999999999996,90.29000000000002,1,1,1.0
97,5,483.09,533.66,125.74000000000007,93.76999999999998,1,1,1.0
98,1,100.06,219.3,129.04,104.06,1,1,1.0
98,2,424.51,180.47,110.77999999999997,97.15,1,1,1.0
98,3,730.37,131.53,171.96000000000004,119.9,1,1,1.0
98,4,489.63,409.47,137.16999999999996,90.27999999999997,1,1,1.0
98,5,482.23,533.66,125.74000000000001,93.76999999999998,1,1,1.0
99,1,100.06,219.3,133.64,113.19999999999999,1,1,1.0
99,2,424.13,180.47,113.06000000000006,99.80999999999997,1,1,1.0
99,3,733.61,131.53,168.72000000000003,119.9,1,1,1.0
99,4,489.63,414.8,137.16999999999996,90.28999999999996,1,1,1.0
99,5,481.37,533.66,125.74000000000001,93.76999999999998,1,1,1.0
100,1,100.92,217.87,133.64,113.19999999999999,1,1,1.0
100,2,423.75,180.47,115.35000000000002,102.47,1,1,1.0
100,3,736.86,131.53,165.47000000000003,119.9,1,1,1.0
100,4,489.63,421.28,137.16999999999996,90.28000000000003,1,1,1.0
100,5,480.51,533.66,125.75,93.76999999999998,1,1,1.0
101,1,101.77,216.44,133.64,113.19999999999999,1,1,1.0
101,2,423.37,180.47,117.63,105.13000000000002,1,1,1.0
101,3,740.1,131.53,162.23000000000002,119.9,1,1,1.0
101,4,489.63,427.75,137.16999999999996,90.28999999999996,1,1,1.0
101,5,479.66,533.66,125.73999999999995,93.76999999999998,1,1,1.0
102,1,102.63,215.01,133.64000000000001,113.19999999999999,1,1,1.0
102,2,421.09,178.19,127.87000000000006,117.74000000000001,1,1,1.0
102,3,738.39,126.96,162.22000000000003,119.90000000000002,1,1,1.0
102,4,489.63,434.23,137.16999999999996,90.27999999999997,1,1,1.0
102,5,478.8,533.66,125.73999999999995,93.76999999999998,1,1,1.0
103,1,103.49,213.59,133.64,113.20000000000002,1,1,1.0
103,2,422.23,182.19,127.87,117.74000000000001,1,1,1.0
103,3,736.67,122.39,162.23000000000002,119.89999999999999,1,1,1.0
103,4,489.63,431.94,137.16999999999996,90.29000000000002,1,1,1.0
103,5,477.94,533.66,125.75000000000006,93.76999999999998,1,1,1.0
104,1,104.34,212.16,133.65,113.20000000000002,1,1,1.0
104,2,423.37,186.19,127.87,117.74000000000001,1,1,1.0
104,3,740.1,120.1,162.23000000000002,119.9,1,1,1.0
104,4,489.63,429.66,137.16999999999996,90.28000000000003,1,1,1.0
104,5,477.09,533.66,125.74000000000007,93.76999999999998,1,1,1.0
105,1,105.2,210.73,133.64,113.20000000000002,1,1,1.0
105,2,423.37,186.19,137.02999999999997,130.31,1,1,1.0
105,3,743.53,117.82,162.23000000000002,119.89000000000001,1,1,1.0
105,4,489.63,427.37,137.16999999999996,90.28999999999996,1,1,1.0
105,5,473.09,530.23,125.74000000000007,93.76999999999998,1,1,1.0
106,1,106.06,209.3,133.64,113.19999999999999,1,1,1.0
106,2,424.32,185.43,137.03000000000003,130.31,1,1,1.0
106,3,749.24,117.82,171.46000000000004,136.98000000000002,1,1,1.0
106,4,489.63,425.09,137.16999999999996,90.28000000000003,1,1,1.0
106,5,469.09,526.8,125.74000000000007,93.7700000000001,1,1,1.0
107,1,106.92,207.87,133.64,113.19999999999999,1,1,1.0
107,2,425.28,184.67,137.01999999999998,130.31000000000003,1,1,1.0
107,3,749.24,117.82,175.46000000000004,142.68,1,1,1.0
107,4,489.63,422.8,137.16999999999996,90.29000000000002,1,1,1.0
107,5,469.64,524.5,125.75999999999999,96.07000000000005,1,1,1.0
108,1,112.63,202.16,133.64000000000001,113.20000000000002,1,1,1.0
108,2,426.23,183.9,137.02999999999997,130.30999999999997,1,1,1.0
108,3,749.24,117.82,179.46000000000004,148.38,1,1,1.0
108,4,489.63,420.51,137.16999999999996,90.29000000000002,1,1,1.0
108,5,470.2,522.2,125.77000000000004,98.37,1,1,1.0
109,1,112.63,185.01,133.64000000000001,113.19999999999999,1,1,1.0
109,2,427.18,183.14,137.03000000000003,130.31,1,1,1.0
109,3,760.67,126.96,179.46000000000004,148.38,1,1,1.0
109,4,488.48,417.09,137.17999999999995,90.28000000000003,1,1,1.0
109,5,469.82,524.49,125.77000000000004,98.37,1,1,1.0
110,1,118.34,177.58,133.65,113.21000000000001,1,1,1.0
110,2,428.13,182.38,137.02999999999997,130.31,1,1,1.0
110,3,767.81,126.67,179.46000000000004,148.39,1,1,1.0
110,4,487.34,413.66,137.17000000000002,90.27999999999997,1,1,1.0
110,5,469.44,526.77,125.77000000000004,98.37,1,1,1.0
111,1,124.06,170.16,133.64,113.20000000000002,1,1,1.0
111,2,429.08,181.62,137.03000000000003,130.31,1,1,1.0
111,3,774.96,126.39,179.44999999999993,148.38,1,1,1.0
111,4,483.91,409.09,137.18,90.28000000000003,1,1,1.0
111,5,469.06,529.06,125.77000000000004,98.37,1,1,1.0
112,1,124.06,170.16,135.94,117.77000000000001,1,1,1.0
112,2,435.94,173.62,137.03000000000003,130.31,1,1,1.0
112,3,782.1,126.1,179.45999999999992,148.38000000000002,1,1,1.0
112,4,485.06,406.8,137.17000000000002,90.28999999999996,1,1,1.0
112,5,471.34,533.06,125.77000000000004,98.37,1,1,1.0
113,1,124.06,170.16,138.24,122.34,1,1,1.0
113,2,442.8,165.62,137.03000000000003,130.31,1,1,1.0
113,3,789.24,125.81,179.46000000000004,148.39,1,1,1.0
113,4,488.49,401.09,137.16999999999996,90.28000000000003,1,1,1.0
113,5,473.63,537.06,125.76999999999998,98.37,1,1,1.0
114,1,129.77,170.16,138.23999999999998,122.34,1,1,1.0
114,2,447.37,151.9,137.02999999999997,130.30999999999997,1,1,1.0
114,3,793.81,125.81,179.46000000000004,148.39,1,1,1.0
114,4,491.91,398.8,138.34999999999997,99.46999999999997,1,1,1.0
114,5,473.63,535.92,125.76999999999998,98.37,1,1,1.0
115,1,134.63,169.87,138.24,122.33999999999997,1,1,1.0
115,2,451.66,151.9,137.03000000000003,130.30999999999997,1,1,1.0
115,3,798.67,125.81,179.46000000000004,148.39,1,1,1.0
115,4,491.91,400.71,139.88999999999993,103.28000000000003,1,1,1.0
115,5,475.15,535.92,125.76999999999998,98.37,1,1,1.0
116,1,139.49,169.58,138.24,122.35,1,1,1.0
116,2,455.94,151.9,137.03000000000003,130.30999999999997,1,1,1.0
116,3,803.53,125.81,179.46000000000004,148.39,1,1,1.0
116,4,491.91,402.61,141.44,107.09999999999997,1,1,1.0
116,5,476.68,535.92,125.77000000000004,98.37,1,1,1.0
117,1,144.34,169.3,138.24999999999997,122.33999999999997,1,1,1.0
117,2,460.23,151.9,137.02999999999997,130.30999999999997,1,1,1.0
117,3,808.39,125.81,179.45000000000005,148.39,1,1,1.0
117,4,491.91,404.51,142.98999999999995,110.91999999999996,1,1,1.0
117,5,478.2,535.92,125.77000000000004,98.37,1,1,1.0
118,1,149.2,169.01,138.24,122.35000000000002,1,1,1.0
118,2,464.51,151.9,137.02999999999997,130.30999999999997,1,1,1.0
118,3,813.24,125.81,179.46000000000004,148.39,1,1,1.0
118,4,494.2,406.8,142.99000000000007,110.91000000000003,1,1,1.0
118,5,480.49,535.92,125.76999999999998,98.37,1,1,1.0
119,1,167.49,169.01,138.24,122.35000000000002,1,1,1.0
119,2,474.8,153.05,137.03000000000003,130.31,1,1,1.0
119,3,824.67,126.96,179.46000000000004,148.38,1,1,1.0
119,4,503.34,412.51,142.99000000000007,110.91999999999996,1,1,1.0
119,5,485.06,535.92,125.77000000000004,98.37,1,1,1.0
120,1,171.49,166.16,138.24,122.34,1,1,1.0
120,2,480.51,153.05,142.70000000000005,137.14999999999998,1,1,1.0
120,3,826.96,122.39,179.44999999999993,148.38,1,1,1.0
120,4,507.15,411.75,142.99,110.91999999999996,1,1,1.0
120,5,487.91,532.49,125.78000000000003,98.37,1,1,1.0
121,1,175.49,163.3,138.24,122.33999999999997,1,1,1.0
121,2,488.51,155.33,142.70000000000005,137.16,1,1,1.0
121,3,829.24,117.81,179.46000000000004,148.39,1,1,1.0
121,4,510.96,410.99,142.99000000000007,110.90999999999997,1,1,1.0
121,5,490.77,529.06,125.76999999999998,98.37,1,1,1.0
122,1,178.91,160.44,138.25000000000003,122.33999999999997,1,1,1.0
122,2,495.37,155.33,142.70000000000005,137.16,1,1,1.0
122,3,836.1,117.81,179.45999999999992,148.39,1,1,1.0
122,4,514.77,410.23,142.99,110.90999999999997,1,1,1.0
122,5,491.34,525.63,125.77000000000004,98.37,1,1,1.0
123,1,182.34,157.58,138.23999999999998,122.35,1,1,1.0
123,2,502.23,155.33,142.69999999999993,137.16,1,1,1.0
123,3,842.96,117.81,179.44999999999993,148.39,1,1,1.0
123,4,514.77,405.66,142.99,110.91000000000003,1,1,1.0
123,5,491.92,522.2,125.77000000000004,98.37,1,1,1.0
124,1,190.91,147.3,138.25000000000003,122.33999999999997,1,1,1.0
124,2,507.37,155.33,142.70000000000005,137.16,1,1,1.0
124,3,850.96,116.67,179.45000000000005,148.39,1,1,1.0
124,4,519.34,405.66,142.99,110.91000000000003,1,1,1.0
124,5,494.2,522.2,125.77000000000004,98.37,1,1,1.0
125,1,199.49,137.01,138.24,122.35000000000002,1,1,1.0
125,2,512.51,155.33,142.70000000000005,137.16,1,1,1.0
125,3,877.24,117.81,184.01999999999998,164.39999999999998,1,1,1.0
125,4,526.2,403.37,142.99,110.91999999999996,1,1,1.0
125,5,498.77,522.2,125.76999999999998,98.37,1,1,1.0
126,1,201.77,132.44,138.23999999999998,122.35,1,1,1.0
126,2,515.94,156.19,142.69999999999993,137.14999999999998,1,1,1.0
126,3,881.81,117.81,192.05999999999995,181.58999999999997,1,1,1.0
126,4,528.48,403.37,142.99,110.91999999999996,1,1,1.0
126,5,498.77,521.06,129.20000000000005,103.53000000000009,1,1,1.0
127,1,204.06,127.87,138.24,122.34,1,1,1.0
127,2,519.37,157.05,142.70000000000005,137.14999999999998,1,1,1.0
127,3,884.86,120.86,192.06000000000006,181.58999999999997,1,1,1.0
127,4,530.77,403.37,142.99,110.91999999999996,1,1,1.0
127,5,498.77,519.92,132.63,108.69000000000005,1,1,1.0
128,1,217.77,131.3,138.23999999999998,122.33999999999997,1,1,1.0
128,2,522.8,157.9,142.70000000000005,137.16,1,1,1.0
128,3,887.91,123.91,192.06000000000006,181.59,1,1,1.0
128,4,533.06,403.37,142.98000000000002,110.91999999999996,1,1,1.0
128,5,506.77,518.77,138.33000000000004,121.23000000000002,1,1,1.0
129,1,231.49,134.73,138.24,122.34,1,1,1.0
129,2,526.23,158.76,142.69999999999993,137.15000000000003,1,1,1.0
129,3,890.96,126.96,192.04999999999995,181.58000000000004,1,1,1.0
129,4,539.91,404.51,142.99,110.91999999999996,1,1,1.0
129,5,515.92,531.34,138.32000000000005,121.23000000000002,1,1,1.0
130,1,246.34,137.01,142.83,131.5,1,1,1.0
130,2,535.37,159.9,142.70000000000005,137.16,1,1,1.0
130,3,908.1,136.1,192.06000000000006,181.59,1,1,1.0
130,4,553.63,407.94,142.98000000000002,110.92000000000002,1,1,1.0
130,5,515.92,531.34,142.88,133.76,1,1,1.0
131,1,253.2,141.58,142.82999999999998,131.50999999999996,1,1,1.0
131,2,549.09,157.62,142.69999999999993,137.14999999999998,1,1,1.0
131,3,926.39,140.67,192.05000000000007,181.59,1,1,1.0
131,4,562.77,411.37,142.99,110.91999999999996,1,1,1.0
131,5,518.2,539.34,142.89,133.76,1,1,1.0
132,1,258.91,145.01,142.82999999999998,131.5,1,1,1.0
132,2,558.23,159.9,142.69999999999993,137.16,1,1,1.0
132,3,936.1,143.53,192.06000000000006,181.58,1,1,1.0
132,4,568.48,411.37,148.73000000000002,126.92999999999995,1,1,1.0
132,5,518.2,551.92,138.28999999999996,121.18000000000006,1,1,1.0
133,1,265.77,145.01,142.83000000000004,131.5,1,1,1.0
133,2,582.23,159.9,150.74,149.70000000000002,1,1,1.0
133,3,945.81,146.38,192.05999999999995,181.59000000000003,1,1,1.0
133,4,567.34,411.37,148.73000000000002,141.83000000000004,1,1,1.0
133,5,518.2,564.5,133.69999999999993,108.60000000000002,1,1,1.0
134,1,282.91,147.3,142.82999999999998,131.5,1,1,1.0
134,2,586.8,162.76,150.74,149.7,1,1,1.0
134,3,950.39,156.67,192.05000000000007,181.59,1,1,1.0
134,4,576.49,413.66,148.72000000000003,141.82999999999998,1,1,1.0
134,5,534.2,565.64,133.69999999999993,108.60000000000002,1,1,1.0
135,1,288.63,145.58,142.82999999999998,131.49999999999997,1,1,1.0
135,2,591.37,165.62,150.74,149.69,1,1,1.0
135,3,957.62,155.15,192.06000000000006,181.58,1,1,1.0
135,4,581.63,418.23,148.73000000000002,141.82999999999993,1,1,1.0
135,5,535.34,566.21,133.69999999999993,108.59999999999991,1,1,1.0
136,1,294.34,143.87,142.83000000000004,131.5,1,1,1.0
136,2,601.66,170.19,150.74,149.7,1,1,1.0
136,3,964.86,153.62,192.06000000000006,181.58999999999997,1,1,1.0
136,4,586.77,422.8,148.73000000000002,141.82999999999998,1,1,1.0
136,5,536.49,566.79,133.70000000000005,108.60000000000002,1,1,1.0
137,1,305.77,139.3,142.83000000000004,131.5,1,1,1.0
137,2,611.94,174.76,150.75,149.7,1,1,1.0
137,3,972.1,152.1,192.06000000000006,181.59,1,1,1.0
137,4,593.63,421.66,148.73000000000002,141.82999999999998,1,1,1.0
137,5,538.2,565.07,133.69999999999993,108.59999999999991,1,1,1.0
138,1,312.05,129.58,142.82999999999998,131.49999999999997,1,1,1.0
138,2,617.66,175.9,150.74,149.70000000000002,1,1,1.0
138,3,972.67,152.1,192.06000000000006,181.59,1,1,1.0
138,4,595.92,413.66,148.72000000000003,141.82999999999998,1,1,1.0
138,5,539.92,563.36,133.69000000000005,108.60000000000002,1,1,1.0
139,1,318.34,119.87,142.83000000000004,131.5,1,1,1.0
139,2,623.37,177.05,150.74,149.69,1,1,1.0
139,3,973.24,152.1,192.05999999999995,181.59,1,1,1.0
139,4,603.92,413.66,148.72000000000003,141.82999999999998,1,1,1.0
139,5,547.92,556.5,133.69000000000005,108.60000000000002,1,1,1.0
140,1,324.05,110.73,142.82999999999998,131.5,1,1,1.0
140,2,633.09,173.62,150.74,149.7,1,1,1.0
140,3,987.34,155.91,192.06000000000006,181.58,1,1,1.0
140,4,630.2,410.23,148.7299999999999,141.82999999999993,1,1,1.0
140,5,545.63,551.93,134.86,112.03000000000009,1,1,1.0
141,1,329.77,101.58,142.83000000000004,131.5,1,1,1.0
141,2,642.8,170.19,150.74,149.7,1,1,1.0
141,3,1001.43,159.72,192.06000000000006,181.58,1,1,1.0
141,4,625.63,404.52,148.73000000000002,141.82000000000005,1,1,1.0
141,5,545.63,530.3,134.86,133.66000000000008,1,1,1.0
142,1,336.62,91.3,150.79000000000002,146.39999999999998,1,1,1.0
142,2,643.94,169.05,150.75,149.69,1,1,1.0
142,3,1015.53,163.53,192.05999999999995,181.58,1,1,1.0
142,4,648.5,404.52,125.86000000000001,137.27999999999997,1,1,1.0
142,5,535.34,528.01,134.86,133.65999999999997,1,1,1.0
143,1,342.34,86.73,150.79000000000002,146.39999999999998,1,1,1.0
143,2,654.23,162.19,150.74,149.7,1,1,1.0
143,3,1017.82,162.38,192.04999999999984,181.59000000000003,1,1,1.0
143,4,640.5,405.66,125.86000000000001,137.28000000000003,1,1,1.0
143,5,555.92,530.3,134.85000000000002,133.66000000000008,1,1,1.0
144,1,351.48,77.58,156.49,156.64999999999998,1,1,1.0
144,2,661.09,158.19,150.74,149.7,1,1,1.0
144,3,1029.25,164.67,192.04999999999995,181.59,1,1,1.0
144,4,643.93,399.95,125.86000000000001,137.28000000000003,1,1,1.0
144,5,562.77,525.73,134.86,133.65999999999997,1,1,1.0
145,1,365.2,73.01,156.49000000000007,156.64999999999998,1,1,1.0
145,2,667.94,154.19,150.75,149.7,1,1,1.0
145,3,1040.67,166.96,192.05999999999995,181.58,1,1,1.0
145,4,648.5,404.52,125.86000000000001,137.27999999999997,1,1,1.0
145,5,569.63,524.58,134.86,133.65999999999997,1,1,1.0
146,1,373.2,75.3,156.49000000000007,156.64,1,1,1.0
146,2,675.94,148.48,150.75,149.69000000000003,1,1,1.0
146,3,1051.53,165.81,192.05999999999995,181.58999999999997,1,1,1.0
146,4,653.07,404.52,125.8599999999999,137.27999999999997,1,1,1.0
146,5,577.06,526.3,134.85000000000002,133.66000000000008,1,1,1.0
147,1,376.62,68.44,163.34000000000003,172.67000000000002,1,1,1.0
147,2,695.37,145.05,150.74,149.69,1,1,1.0
147,3,1062.39,164.67,192.04999999999995,181.59,1,1,1.0
147,4,657.64,404.52,125.86000000000001,137.27999999999997,1,1,1.0
147,5,584.49,528.01,134.85000000000002,133.65999999999997,1,1,1.0
148,1,390.34,67.3,163.32999999999998,172.67000000000002,1,1,1.0
148,2,702.8,141.05,150.74,149.69,1,1,1.0
148,3,1066.39,164.67,192.04999999999995,181.59,1,1,1.0
148,4,661.64,402.8,125.86000000000001,137.29000000000002,1,1,1.0
148,5,589.63,528.01,137.71000000000004,136.52999999999997,1,1,1.0
149,1,406.34,66.16,163.32999999999998,172.67000000000002,1,1,1.0
149,2,710.23,137.05,150.74,149.69,1,1,1.0
149,3,1070.39,164.67,192.04999999999995,181.59,1,1,1.0
149,4,665.64,401.09,125.86000000000001,137.28000000000003,1,1,1.0
149,5,594.77,528.01,140.57000000000005,139.39,1,1,1.0
150,1,416.63,65.01,163.33000000000004,172.68,1,1,1.0
150,2,717.47,136.29,153.79999999999995,153.48999999999998,1,1,1.0
150,3,1073.82,164.67,192.04999999999995,181.59,1,1,1.0
150,4,679.36,404.52,125.86000000000001,137.27999999999997,1,1,1.0
150,5,603.35,528.01,133.70999999999992,136.53999999999996,1,1,1.0
151,1,422.34,61.59,163.32999999999998,172.67,1,1,1.0
151,2,724.7,135.52,156.87,157.29999999999998,1,1,1.0
151,3,1077.25,164.67,192.04999999999995,181.59,1,1,1.0
151,4,686.79,409.66,125.86000000000001,137.28000000000003,1,1,1.0
151,5,611.94,528.01,126.82999999999993,133.69000000000005,1,1,1.0
152,1,428.05,58.16,163.33999999999997,172.67000000000002,1,1,1.0
152,2,731.94,134.76,159.92999999999995,161.10000000000002,1,1,1.0
152,3,1080.67,164.67,192.05999999999995,181.59,1,1,1.0
152,4,694.21,414.8,125.86000000000001,137.29000000000002,1,1,1.0
152,5,620.52,528.01,119.97000000000003,130.84000000000003,1,1,1.0
153,1,434.91,50.73,163.32999999999998,172.67000000000002,1,1,1.0
153,2,741.66,135.33,159.93000000000006,161.1,1,1,1.0
153,3,1111.5,164.67,162.3699999999999,165.63000000000002,1,1,1.0
153,4,696.5,414.8,125.86000000000001,137.29000000000002,1,1,1.0
153,5,629.1,528.01,113.10000000000002,127.99000000000001,1,1,1.0
154,1,441.77,43.3,163.33000000000004,172.67000000000002,1,1,1.0
154,2,751.37,135.9,159.92999999999995,161.1,1,1,1.0
154,3,1113.79,166.96,162.37000000000012,165.62999999999997,1,1,1.0
154,4,703.36,414.8,125.86000000000001,137.29000000000002,1,1,1.0
154,5,633.67,524.58,113.10000000000002,127.99000000000001,1,1,1.0
155,1,456.63,41.01,163.33000000000004,172.68,1,1,1.0
155,2,762.04,137.81,159.93000000000006,161.08999999999997,1,1,1.0
155,3,1114.93,168.1,159.3599999999999,165.63000000000002,1,1,1.0
155,4,707.93,414.23,125.86000000000001,137.27999999999997,1,1,1.0
155,5,638.24,521.16,113.10000000000002,127.98000000000002,1,1,1.0
156,1,469.2,31.87,163.32999999999998,172.67,1,1,1.0
156,2,772.7,139.71,159.92999999999995,161.1,1,1,1.0
156,3,1119.5,168.1,157.6400000000001,165.63000000000002,1,1,1.0
156,4,712.5,413.66,125.86000000000001,137.28000000000003,1,1,1.0
156,5,642.81,517.73,113.10000000000002,127.98000000000002,1,1,1.0
157,1,478.34,26.16,163.32999999999998,172.67000000000002,1,1,1.0
157,2,783.37,141.62,159.92999999999995,161.08999999999997,1,1,1.0
157,3,1124.07,168.1,155.93000000000006,165.63000000000002,1,1,1.0
157,4,723.93,405.66,125.86000000000001,137.28000000000003,1,1,1.0
157,5,647.39,514.3,113.10000000000002,127.99000000000001,1,1,1.0
158,1,489.77,23.87,163.33000000000004,172.67,1,1,1.0
158,2,790.8,136.48,159.93000000000006,161.09,1,1,1.0
158,3,1126.93,168.1,152.5,165.63000000000002,1,1,1.0
158,4,729.64,398.8,125.86000000000001,137.29000000000002,1,1,1.0
158,5,653.1,510.3,113.10000000000002,127.98999999999995,1,1,1.0
159,1,501.2,21.59,163.32999999999998,172.67,1,1,1.0
159,2,798.23,131.33,159.92999999999995,161.1,1,1,1.0
159,3,1129.78,168.1,149.07999999999993,165.63000000000002,1,1,1.0
159,4,735.36,391.95,125.86000000000001,137.28000000000003,1,1,1.0
159,5,658.81,506.3,113.10000000000002,127.98999999999995,1,1,1.0
160,1,509.77,18.16,163.33000000000004,172.67000000000002,1,1,1.0
160,2,802.23,127.33,159.92999999999995,161.10000000000002,1,1,1.0
160,3,1205.2,168.1,73.65999999999985,165.63000000000002,1,1,1.0
160,4,744.5,390.8,125.86000000000001,137.29000000000002,1,1,1.0
160,5,665.67,498.3,114.23000000000002,132.59999999999997,1,1,1.0
161,1,518.34,14.73,163.32999999999993,172.67000000000002,1,1,1.0
161,2,806.23,123.33,159.92999999999995,161.10000000000002,1,1,1.0
161,4,753.64,385.09,125.86000000000001,137.28000000000003,1,1,1.0
161,5,669.1,498.3,114.23000000000002,132.59999999999997,1,1,1.0
162,1,530.91,13.59,163.34000000000003,172.67,1,1,1.0
162,2,833.66,119.91,159.93000000000006,161.09,1,1,1.0
162,4,765.07,382.8,125.8599999999999,137.29000000000002,1,1,1.0
162,5,682.81,498.3,114.23000000000002,132.59999999999997,1,1,1.0
163,1,543.48,12.44,163.34000000000003,172.67000000000002,1,1,1.0
163,2,840.51,121.05,159.93000000000006,161.08999999999997,1,1,1.0
163,4,767.36,378.23,125.86000000000001,137.27999999999997,1,1,1.0
163,5,685.1,502.87,114.23000000000002,132.60000000000002,1,1,1.0
164,1,556.06,7.87,163.33000000000004,172.67,1,1,1.0
164,2,846.23,121.05,159.92999999999995,161.08999999999997,1,1,1.0
164,4,774.21,378.23,125.86000000000001,137.27999999999997,1,1,1.0
164,5,689.67,501.73,118.7700000000001,141.77999999999997,1,1,1.0
165,1,575.48,4.44,163.34000000000003,172.67000000000002,1,1,1.0
165,2,869.08,113.05,159.92999999999995,161.08999999999997,1,1,1.0
165,4,799.36,378.23,125.86000000000001,153.32999999999993,1,1,1.0
165,5,713.67,513.16,118.7700000000001,141.7800000000001,1,1,1.0
166,1,585.77,4.44,163.33000000000004,172.67000000000002,1,1,1.0
166,2,886.23,111.86,159.93000000000006,165.70999999999998,1,1,1.0
166,4,803.93,377.09,125.86000000000001,153.32,1,1,1.0
166,5,723.96,513.16,118.76999999999998,141.7800000000001,1,1,1.0
167,1,602.91,0.0,163.34000000000003,172.54,1,1,1.0
167,2,893.08,116.43,159.92999999999995,165.70999999999998,1,1,1.0
167,4,808.5,377.09,125.86000000000001,153.32,1,1,1.0
167,5,729.67,514.3,118.7700000000001,141.79000000000008,1,1,1.0
168,1,607.48,0.0,163.34000000000003,172.54,1,1,1.0
168,2,899.94,116.43,159.92999999999984,165.70999999999998,1,1,1.0
168,4,822.21,386.23,125.86000000000001,153.32999999999993,1,1,1.0
168,5,738.81,516.58,118.78000000000009,141.78999999999996,1,1,1.0
169,1,617.77,0.0,163.33000000000004,170.26,1,1,1.0
169,2,910.23,118.71,159.93000000000006,165.72000000000003,1,1,1.0
169,4,829.07,386.23,125.8599999999999,153.32999999999993,1,1,1.0
169,5,747.96,518.87,118.76999999999998,141.78999999999996,1,1,1.0
170,1,630.34,0.0,163.32999999999993,169.11,1,1,1.0
170,2,926.23,121.0,159.93000000000006,165.72000000000003,1,1,1.0
170,4,848.5,383.94,125.86000000000001,153.32999999999998,1,1,1.0
170,5,758.24,518.87,118.77999999999997,141.78999999999996,1,1,1.0
171,1,638.34,0.0,163.32999999999993,169.11,1,1,1.0
171,2,934.23,121.0,159.93000000000006,165.72000000000003,1,1,1.0
171,4,856.5,383.94,125.86000000000001,153.32999999999998,1,1,1.0
171,5,763.96,520.01,118.76999999999998,141.78999999999996,1,1,1.0
172,1,652.06,0.0,163.33000000000004,169.11,1,1,1.0
172,2,943.37,127.86,159.92999999999995,165.70999999999998,1,1,1.0
172,4,862.21,385.08,125.86000000000001,153.32999999999998,1,1,1.0
172,5,771.96,521.73,118.76999999999998,141.77999999999997,1,1,1.0
173,1,670.34,1.14,163.33999999999992,169.12,1,1,1.0
173,2,947.94,127.86,159.92999999999984,165.70999999999998,1,1,1.0
173,4,872.5,386.23,125.86000000000001,153.32999999999993,1,1,1.0
173,5,779.96,523.44,118.76999999999998,141.78999999999996,1,1,1.0
174,1,687.49,1.14,163.33000000000004,169.12,1,1,1.0
174,2,962.23,127.86,159.93000000000006,165.70999999999998,1,1,1.0
174,4,881.64,385.09,125.86000000000001,153.32,1,1,1.0
174,5,787.96,509.73,118.76999999999998,141.77999999999997,1,1,1.0
175,1,703.49,1.14,163.33000000000004,169.12,1,1,1.0
175,2,976.51,127.86,159.93000000000006,165.70999999999998,1,1,1.0
175,4,890.78,383.94,125.86000000000001,153.32999999999998,1,1,1.0
175,5,795.96,509.73,118.76999999999998,141.77999999999997,1,1,1.0
176,1,704.63,1.14,163.33000000000004,169.12,1,1,1.0
176,2,976.51,126.71,159.93000000000006,165.72000000000003,1,1,1.0
176,4,893.07,381.66,125.8599999999999,153.32999999999998,1,1,1.0
176,5,797.1,508.58,118.76999999999998,141.79000000000002,1,1,1.0
177,1,720.63,0.0,163.33000000000004,169.12,1,1,1.0
177,2,991.37,125.57,159.92999999999995,165.72000000000003,1,1,1.0
177,4,909.07,373.66,125.86000000000001,153.32999999999998,1,1,1.0
177,5,823.39,499.44,118.76999999999998,141.79000000000002,1,1,1.0
178,1,732.06,0.0,163.33000000000004,169.12,1,1,1.0
178,2,1006.23,122.14,159.93000000000006,165.72000000000003,1,1,1.0
178,4,912.5,373.66,125.8599999999999,153.32999999999998,1,1,1.0
178,5,831.01,504.01,118.76999999999998,141.78999999999996,1,1,1.0
179,1,744.63,1.14,163.33000000000004,169.12,1,1,1.0
179,2,1021.08,118.71,159.92999999999995,165.72000000000003,1,1,1.0
179,4,922.79,373.66,125.85000000000014,153.32999999999998,1,1,1.0
179,5,838.63,508.58,118.76999999999998,141.79000000000002,1,1,1.0
180,1,759.49,0.0,163.33000000000004,159.97,1,1,1.0
180,2,1024.51,119.86,159.93000000000006,165.70999999999998,1,1,1.0
180,4,933.07,372.51,125.86000000000001,153.33000000000004,1,1,1.0
180,5,846.24,513.15,118.77999999999997,141.79000000000008,1,1,1.0
181,1,768.63,0.0,163.33000000000004,159.97,1,1,1.0
181,2,1034.42,119.86,159.92999999999984,165.70999999999998,1,1,1.0
181,4,941.07,378.23,125.86000000000001,153.32999999999993,1,1,1.0
181,5,866.8,523.4,103.90000000000009,141.80000000000007,1,1,1.0
182,1,781.2,0.0,163.32999999999993,156.54,1,1,1.0
182,2,1044.32,119.86,159.93000000000006,165.70999999999998,1,1,1.0
182,4,949.07,383.94,125.86000000000001,153.32999999999998,1,1,1.0
182,5,874.8,523.4,103.90000000000009,141.80000000000007,1,1,1.0
183,1,788.06,0.0,171.33000000000004,166.79,1,1,1.0
183,2,1054.23,119.86,159.93000000000006,165.70999999999998,1,1,1.0
183,4,955.93,388.51,125.86000000000001,153.33000000000004,1,1,1.0
183,5,879.37,524.54,103.89999999999998,141.80000000000007,1,1,1.0
184,1,801.2,0.0,171.32999999999993,163.93,1,1,1.0
184,2,1071.94,129.57,159.92999999999984,165.72000000000003,1,1,1.0
184,4,977.64,390.8,125.86000000000001,153.32999999999998,1,1,1.0
184,5,889.66,529.11,103.89999999999998,141.79999999999995,1,1,1.0
185,1,814.34,0.0,171.32999999999993,161.07,1,1,1.0
185,2,1089.66,139.29,159.91999999999985,165.71,1,1,1.0
185,4,985.64,390.8,125.86000000000001,153.32999999999998,1,1,1.0
185,5,901.09,535.97,103.89999999999998,141.79999999999995,1,1,1.0
186,1,830.34,1.14,171.32999999999993,161.07000000000002,1,1,1.0
186,2,1097.66,142.71,159.91999999999985,165.72,1,1,1.0
186,4,1002.79,399.94,125.85000000000014,153.32999999999998,1,1,1.0
186,5,909.09,542.83,103.89999999999998,141.79999999999995,1,1,1.0
187,1,834.92,0.0,171.32000000000005,173.6,1,1,1.0
187,2,1098.8,143.29,159.93000000000006,165.71,1,1,1.0
187,4,1007.36,405.66,125.86000000000001,153.32999999999998,1,1,1.0
187,5,920.51,548.54,103.90000000000009,141.80000000000007,1,1,1.0
188,1,845.2,0.0,171.32999999999993,166.74,1,1,1.0
188,2,1099.94,143.86,159.92999999999984,165.70999999999998,1,1,1.0
188,4,1016.5,406.8,125.8599999999999,153.32999999999998,1,1,1.0
188,5,931.94,554.26,103.89999999999986,141.79999999999995,1,1,1.0
189,1,854.35,1.14,171.32000000000005,166.75,1,1,1.0
189,2,1111.37,140.43,159.93000000000006,165.70999999999998,1,1,1.0
189,4,1024.5,406.8,125.8599999999999,153.32999999999998,1,1,1.0
189,5,943.37,553.11,103.89999999999998,141.79999999999995,1,1,1.0
190,1,869.2,2.86,171.32999999999993,166.73999999999998,1,1,1.0
190,2,1143.96,139.86,131.69000000000005,165.70999999999998,1,1,1.0
190,4,1041.64,393.08,125.8599999999999,153.32999999999998,1,1,1.0
190,5,944.51,535.97,103.90000000000009,141.79999999999995,1,1,1.0
191,1,884.06,4.57,171.33000000000015,166.74,1,1,1.0
191,2,1176.54,139.29,103.46000000000004,165.71,1,1,1.0
191,4,1047.36,393.08,125.86000000000013,153.32999999999998,1,1,1.0
191,5,958.23,539.4,103.90000000000009,141.80000000000007,1,1,1.0
192,1,896.63,4.57,171.33000000000004,166.74,1,1,1.0
192,2,1175.97,138.14,103.46000000000004,165.72000000000003,1,1,1.0
192,4,1059.93,387.37,125.8599999999999,153.33000000000004,1,1,1.0
192,5,971.94,530.26,103.89999999999986,141.79999999999995,1,1,1.0
193,1,911.49,4.57,171.32999999999993,166.74,1,1,1.0
193,2,1175.4,137.0,103.45999999999981,165.72000000000003,1,1,1.0
193,4,1069.07,387.37,125.86000000000013,153.33000000000004,1,1,1.0
193,5,994.8,525.68,103.90000000000009,141.80000000000007,1,1,1.0
194,1,919.49,4.57,171.32999999999993,166.74,1,1,1.0
194,2,1174.83,135.86,103.46000000000004,165.70999999999998,1,1,1.0
194,4,1076.5,386.8,125.8599999999999,153.32999999999998,1,1,1.0
194,5,1000.51,526.45,103.90000000000009,141.79999999999995,1,1,1.0
195,1,948.06,2.29,171.33000000000015,166.74,1,1,1.0
195,4,1083.93,386.23,125.8599999999999,153.32999999999993,1,1,1.0
195,5,1006.23,527.21,103.90000000000009,141.79999999999995,1,1,1.0
196,1,954.92,3.43,171.33000000000004,166.73999999999998,1,1,1.0
196,4,1097.64,379.37,125.8599999999999,153.33000000000004,1,1,1.0
196,5,1011.94,527.97,103.89999999999986,141.79999999999995,1,1,1.0
197,1,961.78,4.57,171.31999999999994,166.74,1,1,1.0
197,4,1115.93,385.09,125.8599999999999,153.32,1,1,1.0
197,5,1021.08,530.26,103.89999999999998,141.79999999999995,1,1,1.0
198,1,972.06,0.0,171.33000000000015,165.6,1,1,1.0
198,4,1120.5,385.09,125.8599999999999,153.32,1,1,1.0
198,5,1040.51,532.54,103.90000000000009,141.80000000000007,1,1,1.0
199,1,977.77,0.0,171.32999999999993,165.6,1,1,1.0
199,4,1136.5,393.09,125.8599999999999,153.32,1,1,1.0
199,5,1051.94,533.69,103.89999999999986,141.79999999999995,1,1,1.0
200,1,996.06,0.0,171.33000000000015,165.6,1,1,1.0
200,4,1147.93,398.8,125.8599999999999,153.32999999999998,1,1,1.0
200,5,1059.94,540.54,103.89999999999986,141.80000000000007,1,1,1.0
201,1,1002.92,0.0,171.33000000000004,164.46,1,1,1.0
201,4,1166.21,413.66,113.78999999999996,153.32999999999998,1,1,1.0
201,5,1075.94,547.4,103.89999999999986,141.80000000000007,1,1,1.0
202,1,1022.35,1.14,171.32000000000005,164.46,1,1,1.0
202,4,1181.84,413.66,98.16000000000008,153.32999999999998,1,1,1.0
202,5,1087.37,554.26,103.90000000000009,141.79999999999995,1,1,1.0
203,1,1033.77,1.14,171.32999999999993,164.46,1,1,1.0
203,4,1197.47,413.66,82.52999999999997,153.32999999999998,1,1,1.0
203,5,1100.51,558.26,103.90000000000009,141.79999999999995,1,1,1.0
204,1,1054.92,1.71,171.32999999999993,164.45999999999998,1,1,1.0
204,4,1213.1,413.66,66.90000000000009,153.32999999999998,1,1,1.0
204,5,1113.66,562.26,103.89999999999986,141.79999999999995,1,1,1.0
205,1,1076.06,2.29,171.33000000000015,164.45000000000002,1,1,1.0
205,4,1213.1,413.66,66.90000000000009,153.32999999999998,1,1,1.0
205,5,1119.37,556.54,103.90000000000009,141.80000000000007,1,1,1.0
206,1,1085.2,10.29,171.32999999999993,164.45000000000002,1,1,1.0
206,4,1213.1,413.66,66.90000000000009,153.32999999999998,1,1,1.0
206,5,1127.37,555.4,103.90000000000009,141.80000000000007,1,1,1.0
207,1,1093.77,10.29,171.32999999999993,164.45000000000002,1,1,1.0
207,5,1136.51,547.4,103.90000000000009,141.80000000000007,1,1,1.0
208,1,1102.34,10.29,171.33000000000015,164.45000000000002,1,1,1.0
208,5,1152.51,537.11,103.90000000000009,141.79999999999995,1,1,1.0
209,1,1104.63,9.14,171.32999999999993,164.45999999999998,1,1,1.0
209,5,1160.51,532.54,103.90000000000009,141.80000000000007,1,1,1.0
210,1,1119.1,8.76,158.0,164.46,1,1,1.0
210,5,1177.66,525.68,102.33999999999992,141.80000000000007,1,1,1.0
211,1,1133.56,8.38,144.68000000000006,164.46,1,1,1.0
211,5,1177.66,525.68,102.33999999999992,141.80000000000007,1,1,1.0
212,1,1148.03,8.0,131.36000000000013,164.46,1,1,1.0
212,5,1177.66,525.68,102.33999999999992,141.80000000000007,1,1,1.0
213,1,1173.54,5.33,106.04999999999995,164.45999999999998,1,1,1.0
213,5,1177.66,525.68,102.33999999999992,141.80000000000007,1,1,1.0
214,1,1199.06,2.67,80.74000000000001,164.45000000000002,1,1,1.0
215,1,1224.57,0.0,55.430000000000064,164.46,1,1,1.0
